Mn Ka
MnO data for Charles
Ge333, Pd target
35kV 2.0 mA
***************************
Energy_(eV)	theta_(deg)	source_(ustep)	detect_(ustep)	ROI_counts	total_counts	real_time	live_time	cnts_per_live	ICR_(cnts/sec)	OCR_(cnts/sec)
5.88600000E+3	7.56022948E+1	-8.16519000E+5	-7.93943000E+5	0.00000000E+0	0.00000000E+0	1.05000000E+0	1.05000000E+0	0.00000000E+0	0.00000000E+0	0.00000000E+0
5.88625000E+3	7.55930124E+1	-8.17245000E+5	-7.94673000E+5	0.00000000E+0	0.00000000E+0	1.04900000E+0	1.05000000E+0	0.00000000E+0	0.00000000E+0	0.00000000E+0
5.88650000E+3	7.55837366E+1	-8.17970000E+5	-7.95402000E+5	0.00000000E+0	0.00000000E+0	1.04900000E+0	1.05000000E+0	0.00000000E+0	0.00000000E+0	0.00000000E+0
5.88675000E+3	7.55744672E+1	-8.18694000E+5	-7.96130000E+5	0.00000000E+0	0.00000000E+0	1.04900000E+0	1.04900000E+0	0.00000000E+0	0.00000000E+0	0.00000000E+0
5.88700000E+3	7.55652044E+1	-8.19418000E+5	-7.96858000E+5	0.00000000E+0	0.00000000E+0	1.05000000E+0	1.05000000E+0	0.00000000E+0	0.00000000E+0	0.00000000E+0
5.88725000E+3	7.55559480E+1	-8.20141000E+5	-7.97585000E+5	0.00000000E+0	0.00000000E+0	1.05000000E+0	1.05000000E+0	0.00000000E+0	0.00000000E+0	0.00000000E+0
5.88750000E+3	7.55466981E+1	-8.20863000E+5	-7.98311000E+5	2.30000000E+1	3.30000000E+1	1.05000000E+0	1.05000000E+0	2.19047619E+1	2.38095238E+1	3.14285714E+1
5.88775000E+3	7.55374547E+1	-8.21585000E+5	-7.99037000E+5	4.10000000E+1	5.30000000E+1	1.04900000E+0	1.05000000E+0	3.90476190E+1	4.19447092E+1	5.05243089E+1
5.88800000E+3	7.55282177E+1	-8.22306000E+5	-7.99762000E+5	3.90000000E+1	5.60000000E+1	1.04900000E+0	1.04900000E+0	3.71782650E+1	4.00381316E+1	5.33841754E+1
5.88825000E+3	7.55189871E+1	-8.23026000E+5	-8.00487000E+5	3.90000000E+1	5.20000000E+1	1.05000000E+0	1.05000000E+0	3.71428571E+1	4.19047619E+1	4.95238095E+1
5.88850000E+3	7.55097630E+1	-8.23746000E+5	-8.01210000E+5	4.30000000E+1	5.70000000E+1	1.05100000E+0	1.05100000E+0	4.09134158E+1	4.37678402E+1	5.42340628E+1
5.88875000E+3	7.55005453E+1	-8.24465000E+5	-8.01934000E+5	4.40000000E+1	5.60000000E+1	1.05000000E+0	1.05000000E+0	4.19047619E+1	4.38095238E+1	5.33333333E+1
5.88900000E+3	7.54913339E+1	-8.25184000E+5	-8.02656000E+5	5.80000000E+1	6.90000000E+1	1.04900000E+0	1.04900000E+0	5.52907531E+1	5.81506196E+1	6.57769304E+1
5.88925000E+3	7.54821290E+1	-8.25902000E+5	-8.03378000E+5	5.50000000E+1	6.50000000E+1	1.04900000E+0	1.05000000E+0	5.23809524E+1	5.52907531E+1	6.19637750E+1
5.88950000E+3	7.54729304E+1	-8.26619000E+5	-8.04100000E+5	6.90000000E+1	8.40000000E+1	1.04900000E+0	1.05000000E+0	6.57142857E+1	6.67302193E+1	8.00762631E+1
5.88975000E+3	7.54637382E+1	-8.27335000E+5	-8.04820000E+5	7.70000000E+1	9.00000000E+1	1.04900000E+0	1.05000000E+0	7.33333333E+1	7.81696854E+1	8.57959962E+1
5.89000000E+3	7.54545523E+1	-8.28051000E+5	-8.05540000E+5	9.10000000E+1	9.80000000E+1	1.05000000E+0	1.05100000E+0	8.65842055E+1	8.95238095E+1	9.33333333E+1
5.89025000E+3	7.54453728E+1	-8.28767000E+5	-8.06260000E+5	1.15000000E+2	1.22000000E+2	1.05000000E+0	1.05100000E+0	1.09419600E+2	1.09523810E+2	1.16190476E+2
5.89050000E+3	7.54361996E+1	-8.29482000E+5	-8.06979000E+5	1.12000000E+2	1.22000000E+2	1.04800000E+0	1.04900000E+0	1.06768351E+2	1.07824427E+2	1.16412214E+2
5.89075000E+3	7.54270327E+1	-8.30196000E+5	-8.07697000E+5	1.20000000E+2	1.36000000E+2	1.04900000E+0	1.05000000E+0	1.14285714E+2	1.20114395E+2	1.29647283E+2
5.89100000E+3	7.54178721E+1	-8.30909000E+5	-8.08415000E+5	1.46000000E+2	1.59000000E+2	1.04900000E+0	1.04900000E+0	1.39180172E+2	1.42040038E+2	1.51572927E+2
5.89125000E+3	7.54087178E+1	-8.31622000E+5	-8.09132000E+5	1.77000000E+2	1.89000000E+2	1.05100000E+0	1.05100000E+0	1.68411037E+2	1.72216936E+2	1.79828735E+2
5.89150000E+3	7.53995698E+1	-8.32335000E+5	-8.09848000E+5	2.11000000E+2	2.19000000E+2	1.05000000E+0	1.05000000E+0	2.00952381E+2	2.04761905E+2	2.08571429E+2
5.89175000E+3	7.53904280E+1	-8.33046000E+5	-8.10564000E+5	2.19000000E+2	2.31000000E+2	1.05000000E+0	1.05000000E+0	2.08571429E+2	2.13333333E+2	2.20000000E+2
5.89200000E+3	7.53812925E+1	-8.33757000E+5	-8.11279000E+5	2.22000000E+2	2.38000000E+2	1.05000000E+0	1.05000000E+0	2.11428571E+2	2.21904762E+2	2.26666667E+2
5.89225000E+3	7.53721632E+1	-8.34468000E+5	-8.11993000E+5	2.20000000E+2	2.30000000E+2	1.05000000E+0	1.05000000E+0	2.09523810E+2	2.11428571E+2	2.19047619E+2
5.89250000E+3	7.53630402E+1	-8.35178000E+5	-8.12707000E+5	2.15000000E+2	2.21000000E+2	1.05000000E+0	1.05000000E+0	2.04761905E+2	2.06666667E+2	2.10476190E+2
5.89275000E+3	7.53539234E+1	-8.35887000E+5	-8.13420000E+5	2.55000000E+2	2.69000000E+2	1.05000000E+0	1.05000000E+0	2.42857143E+2	2.47619048E+2	2.56190476E+2
5.89300000E+3	7.53448128E+1	-8.36595000E+5	-8.14133000E+5	2.31000000E+2	2.44000000E+2	1.05000000E+0	1.05100000E+0	2.19790676E+2	2.23809524E+2	2.32380952E+2
5.89325000E+3	7.53357084E+1	-8.37303000E+5	-8.14845000E+5	2.07000000E+2	2.17000000E+2	1.04900000E+0	1.04900000E+0	1.97330791E+2	1.99237369E+2	2.06863680E+2
5.89350000E+3	7.53266102E+1	-8.38011000E+5	-8.15557000E+5	2.27000000E+2	2.38000000E+2	1.05000000E+0	1.05100000E+0	2.15984776E+2	2.19047619E+2	2.26666667E+2
5.89375000E+3	7.53175181E+1	-8.38718000E+5	-8.16267000E+5	1.98000000E+2	2.09000000E+2	1.05000000E+0	1.05000000E+0	1.88571429E+2	1.92380952E+2	1.99047619E+2
5.89400000E+3	7.53084323E+1	-8.39424000E+5	-8.16978000E+5	1.55000000E+2	1.69000000E+2	1.04900000E+0	1.04900000E+0	1.47759771E+2	1.51572927E+2	1.61105815E+2
5.89425000E+3	7.52993525E+1	-8.40129000E+5	-8.17687000E+5	1.49000000E+2	1.58000000E+2	1.04800000E+0	1.04900000E+0	1.42040038E+2	1.44083969E+2	1.50763359E+2
5.89450000E+3	7.52902789E+1	-8.40834000E+5	-8.18396000E+5	1.40000000E+2	1.55000000E+2	1.05000000E+0	1.05100000E+0	1.33206470E+2	1.37142857E+2	1.47619048E+2
5.89475000E+3	7.52812115E+1	-8.41539000E+5	-8.19105000E+5	1.17000000E+2	1.30000000E+2	1.04900000E+0	1.05000000E+0	1.11428571E+2	1.13441373E+2	1.23927550E+2
5.89500000E+3	7.52721501E+1	-8.42242000E+5	-8.19812000E+5	1.22000000E+2	1.37000000E+2	1.04800000E+0	1.04900000E+0	1.16301239E+2	1.19274809E+2	1.30725191E+2
5.89525000E+3	7.52630949E+1	-8.42945000E+5	-8.20520000E+5	8.20000000E+1	8.50000000E+1	1.05000000E+0	1.05000000E+0	7.80952381E+1	7.90476190E+1	8.09523810E+1
5.89550000E+3	7.52540458E+1	-8.43648000E+5	-8.21226000E+5	7.10000000E+1	8.10000000E+1	1.05000000E+0	1.05000000E+0	6.76190476E+1	6.95238095E+1	7.71428571E+1
5.89575000E+3	7.52450027E+1	-8.44350000E+5	-8.21932000E+5	5.90000000E+1	7.10000000E+1	1.05100000E+0	1.05200000E+0	5.60836502E+1	6.08943863E+1	6.75547098E+1
5.89600000E+3	7.52359657E+1	-8.45051000E+5	-8.22638000E+5	6.00000000E+1	6.90000000E+1	1.04800000E+0	1.04800000E+0	5.72519084E+1	5.82061069E+1	6.58396947E+1
5.89625000E+3	7.52269348E+1	-8.45752000E+5	-8.23342000E+5	7.10000000E+1	7.40000000E+1	1.04900000E+0	1.04900000E+0	6.76835081E+1	6.76835081E+1	7.05433746E+1
5.89650000E+3	7.52179099E+1	-8.46452000E+5	-8.24047000E+5	5.80000000E+1	7.80000000E+1	1.05000000E+0	1.05100000E+0	5.51855376E+1	6.09523810E+1	7.42857143E+1
5.89675000E+3	7.52088911E+1	-8.47152000E+5	-8.24750000E+5	7.60000000E+1	9.20000000E+1	1.04900000E+0	1.04900000E+0	7.24499523E+1	7.43565300E+1	8.77025739E+1
5.89700000E+3	7.51998783E+1	-8.47851000E+5	-8.25453000E+5	6.60000000E+1	8.30000000E+1	1.05000000E+0	1.05000000E+0	6.28571429E+1	6.57142857E+1	7.90476190E+1
5.89725000E+3	7.51908715E+1	-8.48549000E+5	-8.26156000E+5	6.00000000E+1	6.90000000E+1	1.05000000E+0	1.05000000E+0	5.71428571E+1	5.90476190E+1	6.57142857E+1
5.89750000E+3	7.51818708E+1	-8.49247000E+5	-8.26857000E+5	5.40000000E+1	6.90000000E+1	1.05000000E+0	1.05100000E+0	5.13796384E+1	5.42857143E+1	6.57142857E+1
5.89775000E+3	7.51728760E+1	-8.49944000E+5	-8.27559000E+5	6.30000000E+1	7.20000000E+1	1.05000000E+0	1.05000000E+0	6.00000000E+1	6.09523810E+1	6.85714286E+1
5.89800000E+3	7.51638872E+1	-8.50640000E+5	-8.28259000E+5	7.30000000E+1	8.50000000E+1	1.05000000E+0	1.05000000E+0	6.95238095E+1	7.42857143E+1	8.09523810E+1
5.89825000E+3	7.51549044E+1	-8.51336000E+5	-8.28959000E+5	7.90000000E+1	9.20000000E+1	1.05000000E+0	1.05000000E+0	7.52380952E+1	7.80952381E+1	8.76190476E+1
5.89850000E+3	7.51459276E+1	-8.52032000E+5	-8.29659000E+5	7.00000000E+1	8.00000000E+1	1.04800000E+0	1.04900000E+0	6.67302193E+1	6.87022901E+1	7.63358779E+1
5.89875000E+3	7.51369567E+1	-8.52727000E+5	-8.30358000E+5	8.00000000E+1	9.10000000E+1	1.04900000E+0	1.04900000E+0	7.62631077E+1	7.62631077E+1	8.67492850E+1
5.89900000E+3	7.51279917E+1	-8.53421000E+5	-8.31056000E+5	7.90000000E+1	9.00000000E+1	1.05000000E+0	1.05000000E+0	7.52380952E+1	7.80952381E+1	8.57142857E+1
5.89925000E+3	7.51190327E+1	-8.54115000E+5	-8.31753000E+5	1.04000000E+2	1.16000000E+2	1.05000000E+0	1.05100000E+0	9.89533777E+1	1.01904762E+2	1.10476190E+2
5.89950000E+3	7.51100797E+1	-8.54808000E+5	-8.32451000E+5	1.29000000E+2	1.41000000E+2	1.04900000E+0	1.04900000E+0	1.22974261E+2	1.27740705E+2	1.34413727E+2
5.89975000E+3	7.51011325E+1	-8.55500000E+5	-8.33147000E+5	1.05000000E+2	1.18000000E+2	1.05000000E+0	1.05000000E+0	1.00000000E+2	1.03809524E+2	1.12380952E+2
5.90000000E+3	7.50921912E+1	-8.56192000E+5	-8.33843000E+5	1.23000000E+2	1.35000000E+2	1.05100000E+0	1.05100000E+0	1.17031399E+2	1.18934348E+2	1.28449096E+2
5.90025000E+3	7.50832558E+1	-8.56883000E+5	-8.34538000E+5	1.42000000E+2	1.56000000E+2	1.04900000E+0	1.05000000E+0	1.35238095E+2	1.38226883E+2	1.48713060E+2
5.90050000E+3	7.50743263E+1	-8.57574000E+5	-8.35233000E+5	1.32000000E+2	1.39000000E+2	1.04900000E+0	1.04900000E+0	1.25834128E+2	1.26787417E+2	1.32507150E+2
5.90075000E+3	7.50654027E+1	-8.58264000E+5	-8.35927000E+5	1.35000000E+2	1.48000000E+2	1.04800000E+0	1.04900000E+0	1.28693994E+2	1.31679389E+2	1.41221374E+2
5.90100000E+3	7.50564849E+1	-8.58954000E+5	-8.36621000E+5	1.59000000E+2	1.69000000E+2	1.04900000E+0	1.05000000E+0	1.51428571E+2	1.54432793E+2	1.61105815E+2
5.90125000E+3	7.50475730E+1	-8.59643000E+5	-8.37314000E+5	1.59000000E+2	1.73000000E+2	1.04900000E+0	1.05000000E+0	1.51428571E+2	1.57292660E+2	1.64918970E+2
5.90150000E+3	7.50386669E+1	-8.60331000E+5	-8.38006000E+5	1.89000000E+2	2.00000000E+2	1.04900000E+0	1.04900000E+0	1.80171592E+2	1.83031459E+2	1.90657769E+2
5.90175000E+3	7.50297667E+1	-8.61019000E+5	-8.38698000E+5	2.11000000E+2	2.23000000E+2	1.05100000E+0	1.05200000E+0	2.00570342E+2	2.08372978E+2	2.12178877E+2
5.90200000E+3	7.50208722E+1	-8.61706000E+5	-8.39389000E+5	2.28000000E+2	2.43000000E+2	1.05000000E+0	1.05000000E+0	2.17142857E+2	2.20000000E+2	2.31428571E+2
5.90225000E+3	7.50119836E+1	-8.62393000E+5	-8.40080000E+5	2.63000000E+2	2.88000000E+2	1.05000000E+0	1.05000000E+0	2.50476190E+2	2.59047619E+2	2.74285714E+2
5.90250000E+3	7.50031008E+1	-8.63079000E+5	-8.40770000E+5	2.80000000E+2	3.03000000E+2	1.05000000E+0	1.05000000E+0	2.66666667E+2	2.75238095E+2	2.88571429E+2
5.90275000E+3	7.49942237E+1	-8.63764000E+5	-8.41460000E+5	3.02000000E+2	3.12000000E+2	1.04900000E+0	1.04900000E+0	2.87893232E+2	2.91706387E+2	2.97426120E+2
5.90300000E+3	7.49853525E+1	-8.64449000E+5	-8.42149000E+5	3.49000000E+2	3.61000000E+2	1.04900000E+0	1.05000000E+0	3.32380952E+2	3.37464252E+2	3.44137274E+2
5.90325000E+3	7.49764870E+1	-8.65134000E+5	-8.42837000E+5	3.92000000E+2	4.07000000E+2	1.05000000E+0	1.05000000E+0	3.73333333E+2	3.77142857E+2	3.87619048E+2
5.90350000E+3	7.49676272E+1	-8.65818000E+5	-8.43525000E+5	4.00000000E+2	4.14000000E+2	1.04900000E+0	1.05000000E+0	3.80952381E+2	3.86081983E+2	3.94661582E+2
5.90375000E+3	7.49587733E+1	-8.66501000E+5	-8.44212000E+5	4.38000000E+2	4.50000000E+2	1.04900000E+0	1.04900000E+0	4.17540515E+2	4.28026692E+2	4.28979981E+2
5.90400000E+3	7.49499250E+1	-8.67183000E+5	-8.44899000E+5	4.56000000E+2	4.72000000E+2	1.04900000E+0	1.04900000E+0	4.34699714E+2	4.41372736E+2	4.49952336E+2
5.90425000E+3	7.49410825E+1	-8.67866000E+5	-8.45585000E+5	4.69000000E+2	4.83000000E+2	1.04900000E+0	1.04900000E+0	4.47092469E+2	4.50905624E+2	4.60438513E+2
5.90450000E+3	7.49322457E+1	-8.68547000E+5	-8.46271000E+5	4.16000000E+2	4.29000000E+2	1.04900000E+0	1.04900000E+0	3.96568160E+2	4.00381316E+2	4.08960915E+2
5.90475000E+3	7.49234146E+1	-8.69228000E+5	-8.46956000E+5	4.37000000E+2	4.55000000E+2	1.04900000E+0	1.04900000E+0	4.16587226E+2	4.24213537E+2	4.33746425E+2
5.90500000E+3	7.49145892E+1	-8.69909000E+5	-8.47640000E+5	4.27000000E+2	4.44000000E+2	1.05000000E+0	1.05000000E+0	4.06666667E+2	4.18095238E+2	4.22857143E+2
5.90525000E+3	7.49057695E+1	-8.70588000E+5	-8.48324000E+5	3.31000000E+2	3.42000000E+2	1.05000000E+0	1.05000000E+0	3.15238095E+2	3.19047619E+2	3.25714286E+2
5.90550000E+3	7.48969554E+1	-8.71268000E+5	-8.49008000E+5	3.16000000E+2	3.29000000E+2	1.05000000E+0	1.05000000E+0	3.00952381E+2	3.03809524E+2	3.13333333E+2
5.90575000E+3	7.48881471E+1	-8.71946000E+5	-8.49690000E+5	2.63000000E+2	2.67000000E+2	1.05000000E+0	1.05100000E+0	2.50237869E+2	2.52380952E+2	2.54285714E+2
5.90600000E+3	7.48793444E+1	-8.72625000E+5	-8.50373000E+5	2.06000000E+2	2.15000000E+2	1.05000000E+0	1.05000000E+0	1.96190476E+2	2.00952381E+2	2.04761905E+2
5.90625000E+3	7.48705473E+1	-8.73302000E+5	-8.51054000E+5	1.96000000E+2	2.11000000E+2	1.05000000E+0	1.05000000E+0	1.86666667E+2	1.90476190E+2	2.00952381E+2
5.90650000E+3	7.48617559E+1	-8.73979000E+5	-8.51735000E+5	1.47000000E+2	1.63000000E+2	1.04900000E+0	1.04900000E+0	1.40133460E+2	1.45853194E+2	1.55386082E+2
5.90675000E+3	7.48529701E+1	-8.74656000E+5	-8.52416000E+5	1.04000000E+2	1.11000000E+2	1.04900000E+0	1.04900000E+0	9.91420400E+1	1.00095329E+2	1.05815062E+2
5.90700000E+3	7.48441900E+1	-8.75332000E+5	-8.53096000E+5	1.07000000E+2	1.15000000E+2	1.04900000E+0	1.05000000E+0	1.01904762E+2	1.02001907E+2	1.09628217E+2
5.90725000E+3	7.48354154E+1	-8.76007000E+5	-8.53775000E+5	6.80000000E+1	7.70000000E+1	1.05100000E+0	1.05100000E+0	6.47002854E+1	6.56517602E+1	7.32635585E+1
5.90750000E+3	7.48266464E+1	-8.76682000E+5	-8.54454000E+5	7.20000000E+1	8.20000000E+1	1.04900000E+0	1.04900000E+0	6.86367969E+1	7.24499523E+1	7.81696854E+1
5.90775000E+3	7.48178831E+1	-8.77356000E+5	-8.55132000E+5	5.40000000E+1	6.20000000E+1	1.04800000E+0	1.04800000E+0	5.15267176E+1	5.15267176E+1	5.91603053E+1
5.90800000E+3	7.48091253E+1	-8.78030000E+5	-8.55810000E+5	4.30000000E+1	5.10000000E+1	1.05000000E+0	1.05100000E+0	4.09134158E+1	4.19047619E+1	4.85714286E+1
5.90825000E+3	7.48003731E+1	-8.78703000E+5	-8.56487000E+5	4.30000000E+1	5.00000000E+1	1.05000000E+0	1.05000000E+0	4.09523810E+1	4.19047619E+1	4.76190476E+1
5.90850000E+3	7.47916264E+1	-8.79376000E+5	-8.57164000E+5	5.30000000E+1	6.70000000E+1	1.05000000E+0	1.05100000E+0	5.04281637E+1	5.52380952E+1	6.38095238E+1
5.90875000E+3	7.47828853E+1	-8.80048000E+5	-8.57840000E+5	3.20000000E+1	4.40000000E+1	1.04900000E+0	1.04900000E+0	3.05052431E+1	3.33651096E+1	4.19447092E+1
5.90900000E+3	7.47741498E+1	-8.80719000E+5	-8.58516000E+5	3.50000000E+1	4.40000000E+1	1.04900000E+0	1.05000000E+0	3.33333333E+1	3.52716873E+1	4.19447092E+1
5.90925000E+3	7.47654197E+1	-8.81390000E+5	-8.59191000E+5	3.00000000E+1	4.30000000E+1	1.05200000E+0	1.05300000E+0	2.84900285E+1	3.13688213E+1	4.08745247E+1
5.90950000E+3	7.47566952E+1	-8.82061000E+5	-8.59865000E+5	1.40000000E+1	2.80000000E+1	1.05000000E+0	1.05000000E+0	1.33333333E+1	1.52380952E+1	2.66666667E+1
5.90975000E+3	7.47479763E+1	-8.82731000E+5	-8.60539000E+5	1.90000000E+1	3.10000000E+1	1.04900000E+0	1.05000000E+0	1.80952381E+1	2.00190658E+1	2.95519542E+1
5.91000000E+3	7.47392628E+1	-8.83400000E+5	-8.61212000E+5	2.20000000E+1	3.40000000E+1	1.04900000E+0	1.05000000E+0	2.09523810E+1	2.47855100E+1	3.24118208E+1
