real time (sec)   
1.505000E+1
live time (sec)   
1.504900E+1
ICR 
2.249834E+2
OCR  
2.331561E+2
0.000000E+0
	0.000000E+0
	0.000000E+0
	0.000000E+0
	0.000000E+0
	0.000000E+0
	1.190000E+2
	3.000000E+0
	0.000000E+0
	0.000000E+0
	0.000000E+0
	0.000000E+0
	0.000000E+0
	0.000000E+0
	0.000000E+0
	0.000000E+0
	0.000000E+0
	0.000000E+0
	0.000000E+0
	0.000000E+0
	0.000000E+0
	0.000000E+0
	0.000000E+0
	0.000000E+0
	0.000000E+0
	0.000000E+0
	0.000000E+0
	0.000000E+0
	0.000000E+0
	0.000000E+0
	0.000000E+0
	0.000000E+0
	0.000000E+0
	0.000000E+0
	0.000000E+0
	0.000000E+0
	0.000000E+0
	0.000000E+0
	0.000000E+0
	0.000000E+0
	0.000000E+0
	0.000000E+0
	0.000000E+0
	1.000000E+0
	0.000000E+0
	0.000000E+0
	2.000000E+0
	1.000000E+0
	0.000000E+0
	0.000000E+0
	0.000000E+0
	0.000000E+0
	0.000000E+0
	0.000000E+0
	0.000000E+0
	0.000000E+0
	0.000000E+0
	0.000000E+0
	0.000000E+0
	0.000000E+0
	0.000000E+0
	0.000000E+0
	0.000000E+0
	0.000000E+0
	0.000000E+0
	0.000000E+0
	0.000000E+0
	0.000000E+0
	0.000000E+0
	0.000000E+0
	0.000000E+0
	0.000000E+0
	0.000000E+0
	0.000000E+0
	0.000000E+0
	0.000000E+0
	0.000000E+0
	0.000000E+0
	1.000000E+0
	0.000000E+0
	0.000000E+0
	0.000000E+0
	0.000000E+0
	0.000000E+0
	1.000000E+0
	0.000000E+0
	0.000000E+0
	0.000000E+0
	0.000000E+0
	0.000000E+0
	0.000000E+0
	0.000000E+0
	0.000000E+0
	0.000000E+0
	0.000000E+0
	1.000000E+0
	0.000000E+0
	0.000000E+0
	0.000000E+0
	0.000000E+0
	0.000000E+0
	0.000000E+0
	0.000000E+0
	0.000000E+0
	0.000000E+0
	0.000000E+0
	0.000000E+0
	0.000000E+0
	0.000000E+0
	1.000000E+0
	1.000000E+0
	1.000000E+0
	0.000000E+0
	4.000000E+0
	2.000000E+0
	2.000000E+0
	4.000000E+0
	5.000000E+0
	2.000000E+0
	0.000000E+0
	0.000000E+0
	0.000000E+0
	1.000000E+0
	0.000000E+0
	0.000000E+0
	1.000000E+0
	0.000000E+0
	0.000000E+0
	1.000000E+0
	0.000000E+0
	0.000000E+0
	0.000000E+0
	0.000000E+0
	1.000000E+0
	1.000000E+0
	0.000000E+0
	0.000000E+0
	0.000000E+0
	0.000000E+0
	1.000000E+0
	0.000000E+0
	1.000000E+0
	1.000000E+0
	0.000000E+0
	1.000000E+0
	2.000000E+0
	0.000000E+0
	0.000000E+0
	0.000000E+0
	0.000000E+0
	0.000000E+0
	0.000000E+0
	0.000000E+0
	1.000000E+0
	0.000000E+0
	0.000000E+0
	0.000000E+0
	3.000000E+0
	2.300000E+1
	8.700000E+1
	2.140000E+2
	4.200000E+2
	7.330000E+2
	7.160000E+2
	6.020000E+2
	3.460000E+2
	1.310000E+2
	3.700000E+1
	8.000000E+0
	0.000000E+0
	0.000000E+0
	0.000000E+0
	0.000000E+0
	0.000000E+0
	0.000000E+0
	0.000000E+0
	0.000000E+0
	0.000000E+0
	0.000000E+0
	1.000000E+0
	0.000000E+0
	0.000000E+0
	0.000000E+0
	0.000000E+0
	0.000000E+0
	0.000000E+0
	0.000000E+0
	0.000000E+0
	0.000000E+0
	0.000000E+0
	0.000000E+0
	0.000000E+0
	0.000000E+0
	0.000000E+0
	0.000000E+0
	0.000000E+0
	0.000000E+0
	0.000000E+0
	0.000000E+0
	0.000000E+0
	0.000000E+0
	0.000000E+0
	0.000000E+0
	0.000000E+0
	0.000000E+0
	0.000000E+0
	0.000000E+0
	0.000000E+0
	0.000000E+0
	0.000000E+0
	0.000000E+0
	0.000000E+0
	0.000000E+0
	0.000000E+0
	1.000000E+0
	0.000000E+0
	1.000000E+0
	1.000000E+0
	1.000000E+0
	1.000000E+0
	0.000000E+0
	0.000000E+0
	0.000000E+0
	0.000000E+0
	0.000000E+0
	0.000000E+0
	0.000000E+0
	0.000000E+0
	0.000000E+0
	0.000000E+0
	0.000000E+0
	0.000000E+0
	0.000000E+0
	0.000000E+0
	0.000000E+0
	0.000000E+0
	0.000000E+0
	0.000000E+0
	0.000000E+0
	0.000000E+0
	0.000000E+0
	0.000000E+0
	0.000000E+0
	0.000000E+0
	0.000000E+0
	0.000000E+0
	0.000000E+0
	0.000000E+0
	0.000000E+0
	0.000000E+0
	0.000000E+0
	0.000000E+0
	0.000000E+0
	0.000000E+0
	0.000000E+0
	0.000000E+0
	0.000000E+0
	0.000000E+0
	0.000000E+0
	0.000000E+0
	0.000000E+0
	0.000000E+0
	0.000000E+0
	0.000000E+0
	0.000000E+0
	0.000000E+0
	1.000000E+0
	1.000000E+0
	1.000000E+0
	0.000000E+0
	1.000000E+0
	1.000000E+0
	4.000000E+0
	0.000000E+0
	0.000000E+0
	0.000000E+0
	0.000000E+0
	0.000000E+0
	0.000000E+0
	0.000000E+0
	0.000000E+0
	0.000000E+0
	0.000000E+0
	0.000000E+0
	0.000000E+0
	0.000000E+0
	0.000000E+0
	0.000000E+0
	0.000000E+0
	0.000000E+0
	0.000000E+0
	0.000000E+0
	0.000000E+0
	0.000000E+0
	0.000000E+0
	0.000000E+0
	0.000000E+0
	0.000000E+0
	0.000000E+0
	0.000000E+0
	1.000000E+0
	0.000000E+0
	0.000000E+0
	0.000000E+0
	0.000000E+0
	0.000000E+0
	0.000000E+0
	0.000000E+0
	0.000000E+0
	0.000000E+0
	0.000000E+0
	0.000000E+0
	0.000000E+0
	0.000000E+0
	0.000000E+0
	0.000000E+0
	0.000000E+0
	0.000000E+0
	0.000000E+0
	0.000000E+0
	0.000000E+0
	0.000000E+0
	0.000000E+0
	0.000000E+0
	0.000000E+0
	0.000000E+0
	0.000000E+0
	0.000000E+0
	0.000000E+0
	0.000000E+0
	0.000000E+0
	0.000000E+0
	0.000000E+0
	0.000000E+0
	0.000000E+0
	1.000000E+0
	0.000000E+0
	0.000000E+0
	0.000000E+0
	0.000000E+0
	0.000000E+0
	0.000000E+0
	0.000000E+0
	0.000000E+0
	0.000000E+0
	0.000000E+0
	0.000000E+0
	0.000000E+0
	0.000000E+0
	0.000000E+0
	0.000000E+0
	0.000000E+0
	0.000000E+0
	0.000000E+0
	1.000000E+0
	0.000000E+0
	0.000000E+0
	0.000000E+0
	0.000000E+0
	0.000000E+0
	0.000000E+0
	0.000000E+0
	0.000000E+0
	0.000000E+0
	0.000000E+0
	0.000000E+0
	0.000000E+0
	0.000000E+0
	0.000000E+0
	0.000000E+0
	0.000000E+0
	0.000000E+0
	0.000000E+0
	0.000000E+0
	0.000000E+0
	0.000000E+0
	0.000000E+0
	0.000000E+0
	0.000000E+0
	0.000000E+0
	0.000000E+0
	0.000000E+0
	0.000000E+0
	1.000000E+0
	0.000000E+0
	0.000000E+0
	0.000000E+0
	0.000000E+0
	0.000000E+0
	0.000000E+0
	0.000000E+0
	0.000000E+0
	0.000000E+0
	0.000000E+0
	0.000000E+0
	0.000000E+0
	0.000000E+0
	0.000000E+0
	0.000000E+0
	0.000000E+0
	0.000000E+0
	0.000000E+0
	0.000000E+0
	0.000000E+0
	0.000000E+0
	0.000000E+0
	0.000000E+0
	0.000000E+0
	0.000000E+0
	0.000000E+0
	0.000000E+0
	0.000000E+0
	0.000000E+0
	0.000000E+0
	0.000000E+0
	0.000000E+0
	0.000000E+0
	0.000000E+0
	0.000000E+0
	0.000000E+0
	0.000000E+0
	0.000000E+0
	0.000000E+0
	0.000000E+0
	0.000000E+0
	0.000000E+0
	0.000000E+0
	0.000000E+0
	0.000000E+0
	0.000000E+0
	0.000000E+0
	0.000000E+0
	0.000000E+0
	0.000000E+0
	0.000000E+0
	0.000000E+0
	0.000000E+0
	0.000000E+0
	0.000000E+0
	0.000000E+0
	0.000000E+0
	0.000000E+0
	0.000000E+0
	0.000000E+0
	0.000000E+0
	0.000000E+0
	0.000000E+0
	0.000000E+0
	0.000000E+0
	0.000000E+0
	0.000000E+0
	0.000000E+0
	0.000000E+0
	0.000000E+0
	0.000000E+0
	0.000000E+0
	0.000000E+0
	0.000000E+0
	0.000000E+0
	0.000000E+0
	0.000000E+0
	0.000000E+0
	0.000000E+0
	0.000000E+0
	0.000000E+0
	0.000000E+0
	0.000000E+0
	0.000000E+0
	0.000000E+0
	0.000000E+0
	0.000000E+0
	1.000000E+0
	0.000000E+0
	0.000000E+0
	0.000000E+0
	0.000000E+0
	0.000000E+0
	0.000000E+0
	0.000000E+0
	0.000000E+0
	0.000000E+0
	0.000000E+0
	0.000000E+0
	0.000000E+0
	0.000000E+0
	0.000000E+0
	0.000000E+0
	0.000000E+0
	1.000000E+0
	0.000000E+0
	0.000000E+0
	0.000000E+0
	0.000000E+0
	0.000000E+0
	0.000000E+0
	0.000000E+0
	0.000000E+0
	0.000000E+0
	0.000000E+0
	0.000000E+0
	1.000000E+0
	0.000000E+0
	0.000000E+0
	0.000000E+0
	0.000000E+0
	0.000000E+0
	0.000000E+0
	0.000000E+0
	0.000000E+0
	0.000000E+0
	0.000000E+0
	0.000000E+0
	0.000000E+0
	0.000000E+0
	0.000000E+0
	0.000000E+0
	0.000000E+0
	0.000000E+0
	0.000000E+0
	0.000000E+0
	0.000000E+0
	0.000000E+0
	0.000000E+0
	0.000000E+0
	0.000000E+0
	0.000000E+0
	0.000000E+0
	0.000000E+0
	0.000000E+0
	0.000000E+0
	0.000000E+0
	0.000000E+0
	0.000000E+0
	0.000000E+0
	0.000000E+0
	0.000000E+0
	0.000000E+0
	1.000000E+0
	0.000000E+0
	0.000000E+0
	0.000000E+0
	0.000000E+0
	0.000000E+0
	0.000000E+0
	0.000000E+0
	0.000000E+0
	0.000000E+0
	0.000000E+0
	0.000000E+0
	0.000000E+0
	0.000000E+0
	0.000000E+0
	0.000000E+0
	0.000000E+0
	0.000000E+0
	0.000000E+0
	0.000000E+0
	0.000000E+0
	0.000000E+0
	1.000000E+0
	0.000000E+0
	0.000000E+0
	0.000000E+0
	0.000000E+0
	0.000000E+0
	0.000000E+0
	0.000000E+0
	0.000000E+0
	0.000000E+0
	0.000000E+0
	0.000000E+0
	0.000000E+0
	0.000000E+0
	0.000000E+0
	0.000000E+0
	0.000000E+0
	0.000000E+0
	0.000000E+0
	0.000000E+0
	0.000000E+0
	0.000000E+0
	0.000000E+0
	0.000000E+0
	0.000000E+0
	0.000000E+0
	0.000000E+0
	0.000000E+0
	0.000000E+0
	0.000000E+0
	0.000000E+0
	0.000000E+0
	0.000000E+0
	0.000000E+0
	0.000000E+0
	0.000000E+0
	0.000000E+0
	0.000000E+0
	0.000000E+0
	0.000000E+0
	0.000000E+0
	0.000000E+0
	0.000000E+0
	0.000000E+0
	0.000000E+0
	0.000000E+0
	0.000000E+0
	0.000000E+0
	0.000000E+0
	0.000000E+0
	0.000000E+0
	0.000000E+0
	0.000000E+0
	0.000000E+0
	0.000000E+0
	0.000000E+0
	0.000000E+0
	0.000000E+0
	0.000000E+0
	0.000000E+0
	0.000000E+0
	0.000000E+0
	0.000000E+0
	0.000000E+0
	0.000000E+0
	0.000000E+0
	0.000000E+0
	0.000000E+0
	0.000000E+0
	0.000000E+0
	0.000000E+0
	0.000000E+0
	0.000000E+0
	0.000000E+0
	0.000000E+0
	0.000000E+0
	0.000000E+0
	0.000000E+0
	0.000000E+0
	0.000000E+0
	0.000000E+0
	0.000000E+0
	0.000000E+0
	0.000000E+0
	0.000000E+0
	0.000000E+0
	0.000000E+0
	0.000000E+0
	0.000000E+0
	0.000000E+0
	0.000000E+0
	0.000000E+0
	0.000000E+0
	0.000000E+0
	0.000000E+0
	0.000000E+0
	0.000000E+0
	0.000000E+0
	0.000000E+0
	0.000000E+0
	0.000000E+0
	0.000000E+0
	0.000000E+0
	0.000000E+0
	0.000000E+0
	0.000000E+0
	0.000000E+0
	0.000000E+0
	0.000000E+0
	0.000000E+0
	0.000000E+0
	0.000000E+0
	0.000000E+0
	0.000000E+0
	0.000000E+0
	0.000000E+0
	0.000000E+0
	0.000000E+0
	0.000000E+0
	0.000000E+0
	0.000000E+0
	0.000000E+0
	0.000000E+0
	0.000000E+0
	0.000000E+0
	0.000000E+0
	0.000000E+0
	0.000000E+0
	0.000000E+0
	0.000000E+0
	0.000000E+0
	0.000000E+0
	0.000000E+0
	0.000000E+0
	0.000000E+0
	0.000000E+0
	0.000000E+0
	0.000000E+0
	0.000000E+0
	0.000000E+0
	0.000000E+0
	0.000000E+0
	0.000000E+0
	0.000000E+0
	0.000000E+0
	0.000000E+0
	0.000000E+0
	1.000000E+0
	0.000000E+0
	0.000000E+0
	0.000000E+0
	0.000000E+0
	0.000000E+0
	0.000000E+0
	0.000000E+0
	0.000000E+0
	0.000000E+0
	0.000000E+0
	0.000000E+0
	0.000000E+0
	0.000000E+0
	0.000000E+0
	0.000000E+0
	0.000000E+0
	0.000000E+0
	0.000000E+0
	0.000000E+0
	0.000000E+0
	0.000000E+0
	0.000000E+0
	0.000000E+0
	0.000000E+0
	0.000000E+0
	1.000000E+0
	0.000000E+0
	0.000000E+0
	0.000000E+0
	0.000000E+0
	0.000000E+0
	0.000000E+0
	0.000000E+0
	0.000000E+0
	0.000000E+0
	0.000000E+0
	0.000000E+0
	0.000000E+0
	0.000000E+0
	0.000000E+0
	0.000000E+0
	0.000000E+0
	0.000000E+0
	0.000000E+0
	0.000000E+0
	0.000000E+0
	0.000000E+0
	0.000000E+0
	0.000000E+0
	0.000000E+0
	0.000000E+0
	0.000000E+0
	0.000000E+0
	0.000000E+0
	0.000000E+0
	0.000000E+0
	0.000000E+0
	0.000000E+0
	0.000000E+0
	0.000000E+0
	0.000000E+0
	0.000000E+0
	0.000000E+0
	0.000000E+0
	0.000000E+0
	0.000000E+0
	0.000000E+0
	0.000000E+0
	0.000000E+0
	0.000000E+0
	0.000000E+0
	0.000000E+0
	0.000000E+0
	0.000000E+0
	0.000000E+0
	0.000000E+0
	0.000000E+0
	0.000000E+0
	0.000000E+0
	0.000000E+0
	0.000000E+0
	0.000000E+0
	0.000000E+0
	0.000000E+0
	0.000000E+0
	0.000000E+0
	0.000000E+0
	0.000000E+0
	0.000000E+0
	0.000000E+0
	0.000000E+0
	0.000000E+0
	0.000000E+0
	0.000000E+0
	0.000000E+0
	0.000000E+0
	0.000000E+0
	0.000000E+0
	0.000000E+0
	0.000000E+0
	0.000000E+0
	0.000000E+0
	0.000000E+0
	0.000000E+0
	0.000000E+0
	0.000000E+0
	0.000000E+0
	0.000000E+0
	0.000000E+0
	0.000000E+0
	0.000000E+0
	0.000000E+0
	0.000000E+0
	0.000000E+0
	0.000000E+0
	0.000000E+0
	0.000000E+0
	0.000000E+0
	0.000000E+0
	0.000000E+0
	0.000000E+0
	0.000000E+0
	0.000000E+0
	0.000000E+0
	0.000000E+0
	0.000000E+0
	0.000000E+0
	0.000000E+0
	0.000000E+0
	0.000000E+0
	0.000000E+0
	0.000000E+0
	0.000000E+0
	0.000000E+0
	0.000000E+0
	0.000000E+0
	0.000000E+0
	0.000000E+0
	0.000000E+0
	0.000000E+0
	0.000000E+0
	0.000000E+0
	0.000000E+0
	0.000000E+0
	0.000000E+0
	0.000000E+0
	0.000000E+0
	0.000000E+0
	0.000000E+0
	0.000000E+0
	0.000000E+0
	0.000000E+0
	0.000000E+0
	0.000000E+0
	0.000000E+0
	0.000000E+0
	0.000000E+0
	0.000000E+0
	0.000000E+0
	0.000000E+0
	0.000000E+0
	0.000000E+0
	0.000000E+0
	0.000000E+0
	0.000000E+0
	0.000000E+0
	0.000000E+0
	0.000000E+0
	0.000000E+0
	0.000000E+0
	0.000000E+0
	0.000000E+0
	0.000000E+0
	0.000000E+0
	0.000000E+0
	0.000000E+0
	0.000000E+0
	0.000000E+0
	0.000000E+0
	0.000000E+0
	0.000000E+0
	0.000000E+0
	0.000000E+0
	0.000000E+0
	0.000000E+0
	0.000000E+0
	0.000000E+0
	0.000000E+0
	0.000000E+0
	0.000000E+0
	0.000000E+0
	0.000000E+0
	0.000000E+0
	0.000000E+0
	0.000000E+0
	0.000000E+0
	0.000000E+0
	0.000000E+0
	0.000000E+0
	0.000000E+0
	0.000000E+0
	0.000000E+0
	0.000000E+0
	0.000000E+0
	0.000000E+0
	0.000000E+0
	0.000000E+0
	0.000000E+0
	0.000000E+0
	0.000000E+0
	0.000000E+0
	0.000000E+0
	0.000000E+0
	0.000000E+0
	0.000000E+0
	0.000000E+0
	0.000000E+0
	0.000000E+0
	0.000000E+0
	0.000000E+0
	0.000000E+0
	0.000000E+0
	0.000000E+0
	0.000000E+0
	0.000000E+0
	0.000000E+0
	0.000000E+0
	0.000000E+0
	0.000000E+0
	0.000000E+0
	0.000000E+0
	0.000000E+0
	0.000000E+0
	0.000000E+0
	0.000000E+0
	0.000000E+0
	0.000000E+0
	0.000000E+0
	0.000000E+0
	0.000000E+0
	0.000000E+0
	0.000000E+0
	0.000000E+0
	0.000000E+0
	0.000000E+0
	0.000000E+0
	0.000000E+0
	0.000000E+0
	0.000000E+0
	0.000000E+0
	0.000000E+0
	0.000000E+0
	0.000000E+0
	0.000000E+0
	0.000000E+0
	0.000000E+0
	0.000000E+0
	0.000000E+0
	0.000000E+0
	0.000000E+0
	0.000000E+0
	0.000000E+0
	0.000000E+0
	0.000000E+0
	0.000000E+0
	0.000000E+0
	0.000000E+0
	0.000000E+0
	0.000000E+0
	0.000000E+0
	0.000000E+0
	0.000000E+0
	0.000000E+0
	0.000000E+0
	0.000000E+0
	0.000000E+0
	0.000000E+0
	0.000000E+0
	0.000000E+0
	0.000000E+0
	0.000000E+0
	0.000000E+0
	0.000000E+0
	0.000000E+0
	0.000000E+0
	0.000000E+0
	0.000000E+0
	0.000000E+0
	0.000000E+0
	0.000000E+0
	0.000000E+0
	0.000000E+0
	0.000000E+0
	0.000000E+0
	0.000000E+0
	0.000000E+0
	0.000000E+0
	0.000000E+0
	0.000000E+0
	0.000000E+0
	0.000000E+0
	0.000000E+0
	0.000000E+0
	0.000000E+0
	0.000000E+0
	0.000000E+0
	0.000000E+0
	0.000000E+0
	0.000000E+0
	0.000000E+0
	0.000000E+0
	0.000000E+0
	0.000000E+0
	0.000000E+0
	0.000000E+0
	0.000000E+0
	0.000000E+0

