real time (sec)   
1.505000E+1
live time (sec)   
1.505000E+1
ICR 
4.777409E+1
OCR  
5.607973E+1
0.000000E+0
	0.000000E+0
	0.000000E+0
	0.000000E+0
	0.000000E+0
	0.000000E+0
	1.220000E+2
	3.000000E+0
	0.000000E+0
	0.000000E+0
	0.000000E+0
	0.000000E+0
	0.000000E+0
	0.000000E+0
	0.000000E+0
	0.000000E+0
	0.000000E+0
	0.000000E+0
	0.000000E+0
	0.000000E+0
	0.000000E+0
	0.000000E+0
	0.000000E+0
	0.000000E+0
	0.000000E+0
	0.000000E+0
	0.000000E+0
	0.000000E+0
	0.000000E+0
	0.000000E+0
	0.000000E+0
	0.000000E+0
	0.000000E+0
	0.000000E+0
	0.000000E+0
	0.000000E+0
	0.000000E+0
	0.000000E+0
	0.000000E+0
	0.000000E+0
	0.000000E+0
	0.000000E+0
	0.000000E+0
	0.000000E+0
	0.000000E+0
	0.000000E+0
	0.000000E+0
	0.000000E+0
	0.000000E+0
	0.000000E+0
	0.000000E+0
	0.000000E+0
	0.000000E+0
	0.000000E+0
	0.000000E+0
	0.000000E+0
	0.000000E+0
	0.000000E+0
	0.000000E+0
	0.000000E+0
	0.000000E+0
	0.000000E+0
	0.000000E+0
	0.000000E+0
	0.000000E+0
	0.000000E+0
	0.000000E+0
	0.000000E+0
	0.000000E+0
	0.000000E+0
	0.000000E+0
	0.000000E+0
	0.000000E+0
	0.000000E+0
	0.000000E+0
	0.000000E+0
	0.000000E+0
	0.000000E+0
	0.000000E+0
	0.000000E+0
	0.000000E+0
	0.000000E+0
	0.000000E+0
	0.000000E+0
	0.000000E+0
	0.000000E+0
	0.000000E+0
	0.000000E+0
	0.000000E+0
	0.000000E+0
	0.000000E+0
	0.000000E+0
	0.000000E+0
	0.000000E+0
	0.000000E+0
	0.000000E+0
	0.000000E+0
	0.000000E+0
	0.000000E+0
	0.000000E+0
	0.000000E+0
	0.000000E+0
	0.000000E+0
	0.000000E+0
	0.000000E+0
	0.000000E+0
	0.000000E+0
	0.000000E+0
	0.000000E+0
	0.000000E+0
	0.000000E+0
	0.000000E+0
	0.000000E+0
	0.000000E+0
	0.000000E+0
	0.000000E+0
	1.000000E+0
	0.000000E+0
	1.000000E+0
	0.000000E+0
	0.000000E+0
	0.000000E+0
	0.000000E+0
	0.000000E+0
	0.000000E+0
	0.000000E+0
	0.000000E+0
	0.000000E+0
	0.000000E+0
	0.000000E+0
	0.000000E+0
	0.000000E+0
	0.000000E+0
	0.000000E+0
	0.000000E+0
	0.000000E+0
	0.000000E+0
	1.000000E+0
	0.000000E+0
	0.000000E+0
	0.000000E+0
	0.000000E+0
	0.000000E+0
	1.000000E+0
	0.000000E+0
	0.000000E+0
	0.000000E+0
	0.000000E+0
	0.000000E+0
	1.000000E+0
	0.000000E+0
	1.000000E+0
	0.000000E+0
	0.000000E+0
	0.000000E+0
	0.000000E+0
	0.000000E+0
	0.000000E+0
	3.000000E+0
	1.300000E+1
	4.500000E+1
	7.700000E+1
	1.690000E+2
	1.360000E+2
	1.200000E+2
	8.400000E+1
	3.000000E+1
	7.000000E+0
	1.000000E+0
	1.000000E+0
	0.000000E+0
	0.000000E+0
	0.000000E+0
	0.000000E+0
	0.000000E+0
	0.000000E+0
	0.000000E+0
	0.000000E+0
	1.000000E+0
	0.000000E+0
	0.000000E+0
	0.000000E+0
	0.000000E+0
	0.000000E+0
	0.000000E+0
	0.000000E+0
	0.000000E+0
	0.000000E+0
	0.000000E+0
	0.000000E+0
	0.000000E+0
	0.000000E+0
	0.000000E+0
	0.000000E+0
	0.000000E+0
	0.000000E+0
	0.000000E+0
	0.000000E+0
	0.000000E+0
	0.000000E+0
	0.000000E+0
	0.000000E+0
	0.000000E+0
	0.000000E+0
	0.000000E+0
	0.000000E+0
	0.000000E+0
	0.000000E+0
	0.000000E+0
	0.000000E+0
	0.000000E+0
	0.000000E+0
	1.000000E+0
	0.000000E+0
	0.000000E+0
	2.000000E+0
	0.000000E+0
	3.000000E+0
	1.000000E+0
	0.000000E+0
	0.000000E+0
	2.000000E+0
	0.000000E+0
	0.000000E+0
	0.000000E+0
	0.000000E+0
	0.000000E+0
	0.000000E+0
	0.000000E+0
	0.000000E+0
	0.000000E+0
	0.000000E+0
	0.000000E+0
	0.000000E+0
	0.000000E+0
	0.000000E+0
	1.000000E+0
	0.000000E+0
	0.000000E+0
	0.000000E+0
	0.000000E+0
	0.000000E+0
	0.000000E+0
	0.000000E+0
	0.000000E+0
	0.000000E+0
	0.000000E+0
	0.000000E+0
	0.000000E+0
	0.000000E+0
	0.000000E+0
	0.000000E+0
	0.000000E+0
	0.000000E+0
	0.000000E+0
	0.000000E+0
	0.000000E+0
	0.000000E+0
	0.000000E+0
	0.000000E+0
	1.000000E+0
	0.000000E+0
	0.000000E+0
	0.000000E+0
	0.000000E+0
	0.000000E+0
	0.000000E+0
	0.000000E+0
	0.000000E+0
	1.000000E+0
	0.000000E+0
	2.000000E+0
	1.000000E+0
	0.000000E+0
	0.000000E+0
	0.000000E+0
	2.000000E+0
	0.000000E+0
	0.000000E+0
	0.000000E+0
	0.000000E+0
	0.000000E+0
	0.000000E+0
	0.000000E+0
	0.000000E+0
	0.000000E+0
	0.000000E+0
	0.000000E+0
	0.000000E+0
	0.000000E+0
	0.000000E+0
	0.000000E+0
	0.000000E+0
	0.000000E+0
	0.000000E+0
	0.000000E+0
	0.000000E+0
	0.000000E+0
	0.000000E+0
	0.000000E+0
	0.000000E+0
	0.000000E+0
	0.000000E+0
	0.000000E+0
	0.000000E+0
	0.000000E+0
	0.000000E+0
	0.000000E+0
	0.000000E+0
	0.000000E+0
	0.000000E+0
	0.000000E+0
	0.000000E+0
	0.000000E+0
	0.000000E+0
	0.000000E+0
	0.000000E+0
	0.000000E+0
	0.000000E+0
	0.000000E+0
	0.000000E+0
	0.000000E+0
	0.000000E+0
	0.000000E+0
	0.000000E+0
	0.000000E+0
	0.000000E+0
	0.000000E+0
	0.000000E+0
	0.000000E+0
	0.000000E+0
	0.000000E+0
	0.000000E+0
	0.000000E+0
	0.000000E+0
	0.000000E+0
	0.000000E+0
	0.000000E+0
	0.000000E+0
	0.000000E+0
	0.000000E+0
	0.000000E+0
	0.000000E+0
	0.000000E+0
	0.000000E+0
	0.000000E+0
	0.000000E+0
	0.000000E+0
	0.000000E+0
	0.000000E+0
	0.000000E+0
	0.000000E+0
	0.000000E+0
	0.000000E+0
	0.000000E+0
	0.000000E+0
	0.000000E+0
	0.000000E+0
	0.000000E+0
	0.000000E+0
	0.000000E+0
	0.000000E+0
	0.000000E+0
	0.000000E+0
	0.000000E+0
	0.000000E+0
	1.000000E+0
	0.000000E+0
	0.000000E+0
	0.000000E+0
	0.000000E+0
	0.000000E+0
	0.000000E+0
	0.000000E+0
	0.000000E+0
	0.000000E+0
	0.000000E+0
	0.000000E+0
	0.000000E+0
	1.000000E+0
	0.000000E+0
	0.000000E+0
	0.000000E+0
	2.000000E+0
	0.000000E+0
	0.000000E+0
	0.000000E+0
	0.000000E+0
	0.000000E+0
	0.000000E+0
	0.000000E+0
	0.000000E+0
	0.000000E+0
	0.000000E+0
	0.000000E+0
	0.000000E+0
	0.000000E+0
	0.000000E+0
	0.000000E+0
	0.000000E+0
	0.000000E+0
	0.000000E+0
	0.000000E+0
	0.000000E+0
	0.000000E+0
	0.000000E+0
	0.000000E+0
	0.000000E+0
	0.000000E+0
	0.000000E+0
	0.000000E+0
	0.000000E+0
	0.000000E+0
	0.000000E+0
	0.000000E+0
	0.000000E+0
	0.000000E+0
	0.000000E+0
	0.000000E+0
	0.000000E+0
	0.000000E+0
	0.000000E+0
	0.000000E+0
	0.000000E+0
	0.000000E+0
	0.000000E+0
	0.000000E+0
	0.000000E+0
	0.000000E+0
	0.000000E+0
	0.000000E+0
	0.000000E+0
	0.000000E+0
	0.000000E+0
	0.000000E+0
	0.000000E+0
	0.000000E+0
	0.000000E+0
	0.000000E+0
	0.000000E+0
	0.000000E+0
	0.000000E+0
	0.000000E+0
	0.000000E+0
	0.000000E+0
	0.000000E+0
	0.000000E+0
	0.000000E+0
	0.000000E+0
	0.000000E+0
	0.000000E+0
	0.000000E+0
	0.000000E+0
	0.000000E+0
	0.000000E+0
	1.000000E+0
	0.000000E+0
	0.000000E+0
	0.000000E+0
	0.000000E+0
	0.000000E+0
	0.000000E+0
	0.000000E+0
	0.000000E+0
	0.000000E+0
	0.000000E+0
	0.000000E+0
	0.000000E+0
	0.000000E+0
	0.000000E+0
	0.000000E+0
	0.000000E+0
	0.000000E+0
	0.000000E+0
	0.000000E+0
	0.000000E+0
	1.000000E+0
	0.000000E+0
	0.000000E+0
	0.000000E+0
	0.000000E+0
	0.000000E+0
	0.000000E+0
	0.000000E+0
	0.000000E+0
	0.000000E+0
	0.000000E+0
	0.000000E+0
	0.000000E+0
	0.000000E+0
	0.000000E+0
	0.000000E+0
	0.000000E+0
	0.000000E+0
	0.000000E+0
	0.000000E+0
	0.000000E+0
	0.000000E+0
	0.000000E+0
	0.000000E+0
	0.000000E+0
	0.000000E+0
	0.000000E+0
	0.000000E+0
	0.000000E+0
	0.000000E+0
	0.000000E+0
	0.000000E+0
	0.000000E+0
	0.000000E+0
	0.000000E+0
	0.000000E+0
	0.000000E+0
	0.000000E+0
	0.000000E+0
	0.000000E+0
	0.000000E+0
	0.000000E+0
	0.000000E+0
	0.000000E+0
	0.000000E+0
	0.000000E+0
	1.000000E+0
	0.000000E+0
	0.000000E+0
	0.000000E+0
	0.000000E+0
	0.000000E+0
	0.000000E+0
	0.000000E+0
	0.000000E+0
	0.000000E+0
	0.000000E+0
	0.000000E+0
	0.000000E+0
	0.000000E+0
	0.000000E+0
	0.000000E+0
	0.000000E+0
	0.000000E+0
	0.000000E+0
	0.000000E+0
	0.000000E+0
	0.000000E+0
	0.000000E+0
	0.000000E+0
	0.000000E+0
	0.000000E+0
	0.000000E+0
	0.000000E+0
	0.000000E+0
	0.000000E+0
	0.000000E+0
	0.000000E+0
	0.000000E+0
	0.000000E+0
	0.000000E+0
	0.000000E+0
	0.000000E+0
	0.000000E+0
	0.000000E+0
	0.000000E+0
	0.000000E+0
	0.000000E+0
	0.000000E+0
	0.000000E+0
	0.000000E+0
	0.000000E+0
	0.000000E+0
	0.000000E+0
	0.000000E+0
	0.000000E+0
	0.000000E+0
	0.000000E+0
	0.000000E+0
	0.000000E+0
	0.000000E+0
	0.000000E+0
	0.000000E+0
	0.000000E+0
	0.000000E+0
	0.000000E+0
	0.000000E+0
	0.000000E+0
	0.000000E+0
	0.000000E+0
	0.000000E+0
	0.000000E+0
	0.000000E+0
	0.000000E+0
	0.000000E+0
	0.000000E+0
	0.000000E+0
	0.000000E+0
	0.000000E+0
	0.000000E+0
	0.000000E+0
	0.000000E+0
	0.000000E+0
	0.000000E+0
	0.000000E+0
	0.000000E+0
	0.000000E+0
	0.000000E+0
	0.000000E+0
	0.000000E+0
	0.000000E+0
	0.000000E+0
	0.000000E+0
	1.000000E+0
	0.000000E+0
	0.000000E+0
	0.000000E+0
	0.000000E+0
	0.000000E+0
	0.000000E+0
	0.000000E+0
	0.000000E+0
	0.000000E+0
	0.000000E+0
	0.000000E+0
	0.000000E+0
	0.000000E+0
	0.000000E+0
	0.000000E+0
	0.000000E+0
	0.000000E+0
	0.000000E+0
	0.000000E+0
	0.000000E+0
	0.000000E+0
	0.000000E+0
	0.000000E+0
	0.000000E+0
	0.000000E+0
	0.000000E+0
	0.000000E+0
	0.000000E+0
	0.000000E+0
	0.000000E+0
	0.000000E+0
	0.000000E+0
	0.000000E+0
	0.000000E+0
	0.000000E+0
	0.000000E+0
	0.000000E+0
	0.000000E+0
	0.000000E+0
	0.000000E+0
	0.000000E+0
	0.000000E+0
	0.000000E+0
	0.000000E+0
	0.000000E+0
	0.000000E+0
	0.000000E+0
	0.000000E+0
	0.000000E+0
	0.000000E+0
	0.000000E+0
	0.000000E+0
	0.000000E+0
	0.000000E+0
	0.000000E+0
	0.000000E+0
	0.000000E+0
	0.000000E+0
	0.000000E+0
	0.000000E+0
	0.000000E+0
	0.000000E+0
	0.000000E+0
	0.000000E+0
	0.000000E+0
	0.000000E+0
	0.000000E+0
	0.000000E+0
	0.000000E+0
	0.000000E+0
	0.000000E+0
	0.000000E+0
	0.000000E+0
	0.000000E+0
	0.000000E+0
	0.000000E+0
	0.000000E+0
	0.000000E+0
	0.000000E+0
	0.000000E+0
	0.000000E+0
	0.000000E+0
	0.000000E+0
	0.000000E+0
	0.000000E+0
	1.000000E+0
	0.000000E+0
	0.000000E+0
	0.000000E+0
	0.000000E+0
	0.000000E+0
	0.000000E+0
	0.000000E+0
	0.000000E+0
	0.000000E+0
	0.000000E+0
	0.000000E+0
	0.000000E+0
	0.000000E+0
	0.000000E+0
	0.000000E+0
	0.000000E+0
	0.000000E+0
	0.000000E+0
	0.000000E+0
	0.000000E+0
	0.000000E+0
	0.000000E+0
	0.000000E+0
	0.000000E+0
	0.000000E+0
	0.000000E+0
	0.000000E+0
	0.000000E+0
	0.000000E+0
	0.000000E+0
	0.000000E+0
	0.000000E+0
	0.000000E+0
	0.000000E+0
	0.000000E+0
	0.000000E+0
	0.000000E+0
	0.000000E+0
	0.000000E+0
	0.000000E+0
	0.000000E+0
	0.000000E+0
	0.000000E+0
	0.000000E+0
	0.000000E+0
	0.000000E+0
	0.000000E+0
	0.000000E+0
	0.000000E+0
	0.000000E+0
	0.000000E+0
	0.000000E+0
	0.000000E+0
	0.000000E+0
	0.000000E+0
	0.000000E+0
	0.000000E+0
	0.000000E+0
	0.000000E+0
	0.000000E+0
	0.000000E+0
	0.000000E+0
	0.000000E+0
	0.000000E+0
	0.000000E+0
	0.000000E+0
	0.000000E+0
	0.000000E+0
	0.000000E+0
	0.000000E+0
	0.000000E+0
	0.000000E+0
	0.000000E+0
	0.000000E+0
	0.000000E+0
	0.000000E+0
	0.000000E+0
	0.000000E+0
	0.000000E+0
	0.000000E+0
	0.000000E+0
	0.000000E+0
	0.000000E+0
	0.000000E+0
	0.000000E+0
	0.000000E+0
	0.000000E+0
	0.000000E+0
	0.000000E+0
	0.000000E+0
	0.000000E+0
	0.000000E+0
	0.000000E+0
	0.000000E+0
	0.000000E+0
	0.000000E+0
	0.000000E+0
	0.000000E+0
	0.000000E+0
	0.000000E+0
	0.000000E+0
	0.000000E+0
	0.000000E+0
	0.000000E+0
	0.000000E+0
	0.000000E+0
	0.000000E+0
	0.000000E+0
	0.000000E+0
	0.000000E+0
	0.000000E+0
	0.000000E+0
	0.000000E+0
	0.000000E+0
	0.000000E+0
	0.000000E+0
	0.000000E+0
	0.000000E+0
	0.000000E+0
	0.000000E+0
	0.000000E+0
	0.000000E+0
	0.000000E+0
	0.000000E+0
	0.000000E+0
	0.000000E+0
	0.000000E+0
	0.000000E+0
	0.000000E+0
	0.000000E+0
	0.000000E+0
	0.000000E+0
	0.000000E+0
	0.000000E+0
	0.000000E+0
	0.000000E+0
	0.000000E+0
	0.000000E+0
	0.000000E+0
	0.000000E+0
	0.000000E+0
	0.000000E+0
	0.000000E+0
	0.000000E+0
	0.000000E+0
	0.000000E+0
	0.000000E+0
	0.000000E+0
	0.000000E+0
	0.000000E+0
	0.000000E+0
	0.000000E+0
	0.000000E+0
	0.000000E+0
	0.000000E+0
	0.000000E+0
	0.000000E+0
	0.000000E+0
	0.000000E+0
	0.000000E+0
	0.000000E+0
	0.000000E+0
	0.000000E+0
	0.000000E+0
	0.000000E+0
	0.000000E+0
	0.000000E+0
	0.000000E+0
	0.000000E+0
	0.000000E+0
	0.000000E+0
	0.000000E+0
	0.000000E+0
	0.000000E+0
	0.000000E+0
	0.000000E+0
	0.000000E+0
	0.000000E+0
	0.000000E+0
	0.000000E+0
	0.000000E+0
	0.000000E+0
	0.000000E+0
	0.000000E+0
	0.000000E+0
	0.000000E+0
	0.000000E+0
	0.000000E+0
	0.000000E+0
	0.000000E+0
	0.000000E+0
	0.000000E+0
	0.000000E+0
	0.000000E+0
	0.000000E+0
	0.000000E+0
	0.000000E+0
	0.000000E+0
	0.000000E+0
	0.000000E+0
	0.000000E+0
	0.000000E+0
	0.000000E+0
	0.000000E+0
	0.000000E+0
	0.000000E+0
	0.000000E+0
	0.000000E+0
	0.000000E+0
	0.000000E+0
	0.000000E+0
	0.000000E+0
	0.000000E+0
	0.000000E+0
	0.000000E+0
	0.000000E+0
	0.000000E+0
	0.000000E+0
	0.000000E+0
	0.000000E+0
	0.000000E+0
	0.000000E+0
	0.000000E+0
	0.000000E+0
	0.000000E+0
	0.000000E+0
	0.000000E+0
	0.000000E+0
	0.000000E+0
	0.000000E+0
	0.000000E+0
	0.000000E+0
	0.000000E+0
	0.000000E+0
	0.000000E+0
	0.000000E+0
	0.000000E+0
	0.000000E+0
	0.000000E+0
	0.000000E+0
	0.000000E+0
	0.000000E+0
	0.000000E+0
	0.000000E+0
	0.000000E+0
	0.000000E+0
	0.000000E+0
	0.000000E+0
	0.000000E+0
	0.000000E+0
	0.000000E+0
	0.000000E+0
	0.000000E+0
	0.000000E+0
	0.000000E+0
	0.000000E+0
	0.000000E+0
	0.000000E+0
	0.000000E+0
	0.000000E+0
	0.000000E+0
	0.000000E+0
	0.000000E+0
	0.000000E+0
	0.000000E+0
	0.000000E+0
	0.000000E+0
	0.000000E+0
	0.000000E+0
	0.000000E+0
	0.000000E+0
	0.000000E+0
	0.000000E+0
	0.000000E+0
	0.000000E+0
	0.000000E+0
	0.000000E+0
	0.000000E+0
	0.000000E+0
	0.000000E+0
	0.000000E+0
	0.000000E+0
	0.000000E+0
	0.000000E+0
	0.000000E+0
	0.000000E+0
	0.000000E+0
	0.000000E+0
	0.000000E+0
	0.000000E+0
	0.000000E+0
	0.000000E+0
	0.000000E+0
	0.000000E+0
	0.000000E+0
	0.000000E+0
	0.000000E+0
	0.000000E+0
	0.000000E+0
	0.000000E+0
	0.000000E+0
	0.000000E+0
	0.000000E+0
	0.000000E+0
	0.000000E+0
	0.000000E+0
	0.000000E+0
	0.000000E+0
	0.000000E+0
	0.000000E+0
	0.000000E+0
	0.000000E+0
	0.000000E+0
	0.000000E+0
	0.000000E+0
	0.000000E+0
	0.000000E+0
	0.000000E+0
	0.000000E+0
	0.000000E+0
	0.000000E+0
	0.000000E+0
	0.000000E+0
	0.000000E+0
	0.000000E+0
	0.000000E+0
	0.000000E+0
	0.000000E+0

