real time (sec)   
1.504900E+1
live time (sec)   
1.504900E+1
ICR 
1.417370E+2
OCR  
1.499767E+2
0.000000E+0
	0.000000E+0
	0.000000E+0
	0.000000E+0
	0.000000E+0
	0.000000E+0
	1.220000E+2
	1.000000E+0
	0.000000E+0
	0.000000E+0
	0.000000E+0
	0.000000E+0
	0.000000E+0
	0.000000E+0
	0.000000E+0
	0.000000E+0
	0.000000E+0
	0.000000E+0
	0.000000E+0
	0.000000E+0
	0.000000E+0
	0.000000E+0
	0.000000E+0
	0.000000E+0
	0.000000E+0
	0.000000E+0
	0.000000E+0
	0.000000E+0
	0.000000E+0
	0.000000E+0
	0.000000E+0
	0.000000E+0
	0.000000E+0
	0.000000E+0
	0.000000E+0
	1.000000E+0
	0.000000E+0
	0.000000E+0
	0.000000E+0
	0.000000E+0
	0.000000E+0
	0.000000E+0
	0.000000E+0
	0.000000E+0
	0.000000E+0
	0.000000E+0
	0.000000E+0
	0.000000E+0
	0.000000E+0
	0.000000E+0
	0.000000E+0
	0.000000E+0
	0.000000E+0
	0.000000E+0
	0.000000E+0
	0.000000E+0
	0.000000E+0
	0.000000E+0
	0.000000E+0
	1.000000E+0
	0.000000E+0
	0.000000E+0
	0.000000E+0
	0.000000E+0
	0.000000E+0
	0.000000E+0
	0.000000E+0
	0.000000E+0
	0.000000E+0
	0.000000E+0
	0.000000E+0
	0.000000E+0
	0.000000E+0
	0.000000E+0
	0.000000E+0
	0.000000E+0
	0.000000E+0
	0.000000E+0
	0.000000E+0
	0.000000E+0
	0.000000E+0
	0.000000E+0
	0.000000E+0
	0.000000E+0
	0.000000E+0
	1.000000E+0
	0.000000E+0
	0.000000E+0
	0.000000E+0
	1.000000E+0
	0.000000E+0
	0.000000E+0
	0.000000E+0
	0.000000E+0
	0.000000E+0
	0.000000E+0
	0.000000E+0
	0.000000E+0
	0.000000E+0
	0.000000E+0
	0.000000E+0
	0.000000E+0
	0.000000E+0
	0.000000E+0
	0.000000E+0
	0.000000E+0
	0.000000E+0
	0.000000E+0
	0.000000E+0
	0.000000E+0
	0.000000E+0
	1.000000E+0
	0.000000E+0
	1.000000E+0
	2.000000E+0
	5.000000E+0
	4.000000E+0
	1.000000E+0
	0.000000E+0
	2.000000E+0
	0.000000E+0
	0.000000E+0
	1.000000E+0
	1.000000E+0
	1.000000E+0
	0.000000E+0
	0.000000E+0
	0.000000E+0
	0.000000E+0
	0.000000E+0
	0.000000E+0
	0.000000E+0
	0.000000E+0
	0.000000E+0
	0.000000E+0
	0.000000E+0
	0.000000E+0
	0.000000E+0
	0.000000E+0
	0.000000E+0
	0.000000E+0
	0.000000E+0
	0.000000E+0
	0.000000E+0
	0.000000E+0
	0.000000E+0
	0.000000E+0
	0.000000E+0
	0.000000E+0
	0.000000E+0
	0.000000E+0
	0.000000E+0
	0.000000E+0
	0.000000E+0
	1.000000E+0
	1.000000E+0
	1.000000E+0
	5.000000E+0
	1.600000E+1
	6.100000E+1
	1.490000E+2
	2.500000E+2
	4.340000E+2
	4.480000E+2
	3.460000E+2
	2.270000E+2
	1.190000E+2
	3.000000E+1
	0.000000E+0
	1.000000E+0
	0.000000E+0
	0.000000E+0
	0.000000E+0
	0.000000E+0
	0.000000E+0
	0.000000E+0
	0.000000E+0
	0.000000E+0
	0.000000E+0
	0.000000E+0
	1.000000E+0
	0.000000E+0
	0.000000E+0
	0.000000E+0
	0.000000E+0
	0.000000E+0
	0.000000E+0
	0.000000E+0
	0.000000E+0
	0.000000E+0
	0.000000E+0
	0.000000E+0
	0.000000E+0
	0.000000E+0
	0.000000E+0
	0.000000E+0
	0.000000E+0
	0.000000E+0
	0.000000E+0
	0.000000E+0
	0.000000E+0
	0.000000E+0
	0.000000E+0
	0.000000E+0
	0.000000E+0
	0.000000E+0
	0.000000E+0
	0.000000E+0
	0.000000E+0
	0.000000E+0
	0.000000E+0
	0.000000E+0
	0.000000E+0
	0.000000E+0
	1.000000E+0
	0.000000E+0
	0.000000E+0
	1.000000E+0
	0.000000E+0
	1.000000E+0
	0.000000E+0
	0.000000E+0
	0.000000E+0
	1.000000E+0
	0.000000E+0
	0.000000E+0
	0.000000E+0
	0.000000E+0
	0.000000E+0
	0.000000E+0
	0.000000E+0
	0.000000E+0
	0.000000E+0
	0.000000E+0
	0.000000E+0
	0.000000E+0
	0.000000E+0
	0.000000E+0
	0.000000E+0
	0.000000E+0
	0.000000E+0
	0.000000E+0
	0.000000E+0
	0.000000E+0
	0.000000E+0
	0.000000E+0
	0.000000E+0
	0.000000E+0
	0.000000E+0
	0.000000E+0
	0.000000E+0
	0.000000E+0
	0.000000E+0
	0.000000E+0
	0.000000E+0
	0.000000E+0
	0.000000E+0
	0.000000E+0
	0.000000E+0
	0.000000E+0
	0.000000E+0
	0.000000E+0
	0.000000E+0
	0.000000E+0
	0.000000E+0
	0.000000E+0
	0.000000E+0
	0.000000E+0
	0.000000E+0
	1.000000E+0
	0.000000E+0
	1.000000E+0
	1.000000E+0
	0.000000E+0
	1.000000E+0
	0.000000E+0
	0.000000E+0
	0.000000E+0
	1.000000E+0
	0.000000E+0
	0.000000E+0
	0.000000E+0
	0.000000E+0
	0.000000E+0
	0.000000E+0
	0.000000E+0
	0.000000E+0
	0.000000E+0
	0.000000E+0
	0.000000E+0
	0.000000E+0
	0.000000E+0
	0.000000E+0
	0.000000E+0
	0.000000E+0
	0.000000E+0
	0.000000E+0
	0.000000E+0
	0.000000E+0
	0.000000E+0
	0.000000E+0
	0.000000E+0
	0.000000E+0
	0.000000E+0
	0.000000E+0
	0.000000E+0
	1.000000E+0
	0.000000E+0
	0.000000E+0
	0.000000E+0
	0.000000E+0
	0.000000E+0
	0.000000E+0
	0.000000E+0
	0.000000E+0
	0.000000E+0
	0.000000E+0
	0.000000E+0
	0.000000E+0
	0.000000E+0
	0.000000E+0
	0.000000E+0
	0.000000E+0
	0.000000E+0
	0.000000E+0
	1.000000E+0
	0.000000E+0
	0.000000E+0
	0.000000E+0
	0.000000E+0
	0.000000E+0
	0.000000E+0
	0.000000E+0
	0.000000E+0
	0.000000E+0
	0.000000E+0
	0.000000E+0
	0.000000E+0
	1.000000E+0
	0.000000E+0
	0.000000E+0
	0.000000E+0
	0.000000E+0
	0.000000E+0
	0.000000E+0
	0.000000E+0
	0.000000E+0
	0.000000E+0
	0.000000E+0
	1.000000E+0
	0.000000E+0
	0.000000E+0
	0.000000E+0
	0.000000E+0
	0.000000E+0
	1.000000E+0
	0.000000E+0
	0.000000E+0
	0.000000E+0
	0.000000E+0
	0.000000E+0
	1.000000E+0
	0.000000E+0
	0.000000E+0
	0.000000E+0
	0.000000E+0
	0.000000E+0
	0.000000E+0
	0.000000E+0
	0.000000E+0
	0.000000E+0
	0.000000E+0
	0.000000E+0
	0.000000E+0
	0.000000E+0
	0.000000E+0
	0.000000E+0
	0.000000E+0
	0.000000E+0
	0.000000E+0
	0.000000E+0
	0.000000E+0
	0.000000E+0
	0.000000E+0
	0.000000E+0
	0.000000E+0
	0.000000E+0
	0.000000E+0
	0.000000E+0
	0.000000E+0
	0.000000E+0
	0.000000E+0
	0.000000E+0
	0.000000E+0
	0.000000E+0
	0.000000E+0
	0.000000E+0
	0.000000E+0
	0.000000E+0
	0.000000E+0
	0.000000E+0
	0.000000E+0
	0.000000E+0
	0.000000E+0
	0.000000E+0
	0.000000E+0
	0.000000E+0
	0.000000E+0
	0.000000E+0
	0.000000E+0
	0.000000E+0
	0.000000E+0
	0.000000E+0
	0.000000E+0
	0.000000E+0
	0.000000E+0
	0.000000E+0
	0.000000E+0
	0.000000E+0
	0.000000E+0
	0.000000E+0
	0.000000E+0
	1.000000E+0
	0.000000E+0
	0.000000E+0
	0.000000E+0
	0.000000E+0
	0.000000E+0
	0.000000E+0
	0.000000E+0
	0.000000E+0
	0.000000E+0
	0.000000E+0
	0.000000E+0
	0.000000E+0
	0.000000E+0
	0.000000E+0
	0.000000E+0
	0.000000E+0
	0.000000E+0
	0.000000E+0
	0.000000E+0
	0.000000E+0
	0.000000E+0
	0.000000E+0
	1.000000E+0
	0.000000E+0
	0.000000E+0
	0.000000E+0
	0.000000E+0
	0.000000E+0
	0.000000E+0
	0.000000E+0
	0.000000E+0
	0.000000E+0
	0.000000E+0
	0.000000E+0
	0.000000E+0
	0.000000E+0
	0.000000E+0
	0.000000E+0
	0.000000E+0
	0.000000E+0
	0.000000E+0
	0.000000E+0
	0.000000E+0
	0.000000E+0
	0.000000E+0
	0.000000E+0
	0.000000E+0
	0.000000E+0
	0.000000E+0
	0.000000E+0
	0.000000E+0
	0.000000E+0
	0.000000E+0
	0.000000E+0
	0.000000E+0
	0.000000E+0
	0.000000E+0
	0.000000E+0
	0.000000E+0
	0.000000E+0
	0.000000E+0
	0.000000E+0
	0.000000E+0
	1.000000E+0
	0.000000E+0
	0.000000E+0
	0.000000E+0
	0.000000E+0
	0.000000E+0
	0.000000E+0
	0.000000E+0
	0.000000E+0
	0.000000E+0
	0.000000E+0
	0.000000E+0
	0.000000E+0
	0.000000E+0
	0.000000E+0
	0.000000E+0
	0.000000E+0
	0.000000E+0
	0.000000E+0
	0.000000E+0
	0.000000E+0
	0.000000E+0
	0.000000E+0
	0.000000E+0
	0.000000E+0
	0.000000E+0
	0.000000E+0
	0.000000E+0
	0.000000E+0
	0.000000E+0
	0.000000E+0
	0.000000E+0
	0.000000E+0
	0.000000E+0
	0.000000E+0
	0.000000E+0
	0.000000E+0
	0.000000E+0
	0.000000E+0
	0.000000E+0
	1.000000E+0
	0.000000E+0
	0.000000E+0
	0.000000E+0
	0.000000E+0
	0.000000E+0
	0.000000E+0
	0.000000E+0
	0.000000E+0
	0.000000E+0
	0.000000E+0
	0.000000E+0
	0.000000E+0
	0.000000E+0
	0.000000E+0
	0.000000E+0
	0.000000E+0
	0.000000E+0
	0.000000E+0
	0.000000E+0
	0.000000E+0
	0.000000E+0
	0.000000E+0
	0.000000E+0
	0.000000E+0
	0.000000E+0
	0.000000E+0
	0.000000E+0
	0.000000E+0
	0.000000E+0
	0.000000E+0
	0.000000E+0
	0.000000E+0
	0.000000E+0
	0.000000E+0
	0.000000E+0
	0.000000E+0
	0.000000E+0
	0.000000E+0
	0.000000E+0
	0.000000E+0
	0.000000E+0
	0.000000E+0
	0.000000E+0
	0.000000E+0
	0.000000E+0
	0.000000E+0
	0.000000E+0
	0.000000E+0
	0.000000E+0
	0.000000E+0
	0.000000E+0
	0.000000E+0
	0.000000E+0
	0.000000E+0
	0.000000E+0
	0.000000E+0
	0.000000E+0
	0.000000E+0
	0.000000E+0
	0.000000E+0
	0.000000E+0
	0.000000E+0
	0.000000E+0
	0.000000E+0
	0.000000E+0
	0.000000E+0
	0.000000E+0
	0.000000E+0
	0.000000E+0
	0.000000E+0
	0.000000E+0
	0.000000E+0
	1.000000E+0
	0.000000E+0
	0.000000E+0
	0.000000E+0
	0.000000E+0
	0.000000E+0
	0.000000E+0
	0.000000E+0
	0.000000E+0
	0.000000E+0
	0.000000E+0
	0.000000E+0
	0.000000E+0
	0.000000E+0
	0.000000E+0
	0.000000E+0
	0.000000E+0
	0.000000E+0
	0.000000E+0
	0.000000E+0
	0.000000E+0
	0.000000E+0
	0.000000E+0
	0.000000E+0
	0.000000E+0
	0.000000E+0
	0.000000E+0
	0.000000E+0
	0.000000E+0
	0.000000E+0
	0.000000E+0
	0.000000E+0
	0.000000E+0
	0.000000E+0
	0.000000E+0
	0.000000E+0
	0.000000E+0
	0.000000E+0
	0.000000E+0
	0.000000E+0
	0.000000E+0
	0.000000E+0
	0.000000E+0
	0.000000E+0
	0.000000E+0
	0.000000E+0
	0.000000E+0
	0.000000E+0
	0.000000E+0
	0.000000E+0
	0.000000E+0
	0.000000E+0
	0.000000E+0
	0.000000E+0
	0.000000E+0
	0.000000E+0
	0.000000E+0
	0.000000E+0
	0.000000E+0
	0.000000E+0
	0.000000E+0
	0.000000E+0
	0.000000E+0
	0.000000E+0
	0.000000E+0
	0.000000E+0
	0.000000E+0
	0.000000E+0
	0.000000E+0
	0.000000E+0
	0.000000E+0
	0.000000E+0
	0.000000E+0
	0.000000E+0
	0.000000E+0
	0.000000E+0
	0.000000E+0
	0.000000E+0
	0.000000E+0
	0.000000E+0
	0.000000E+0
	0.000000E+0
	0.000000E+0
	0.000000E+0
	0.000000E+0
	0.000000E+0
	0.000000E+0
	0.000000E+0
	0.000000E+0
	0.000000E+0
	0.000000E+0
	0.000000E+0
	0.000000E+0
	0.000000E+0
	0.000000E+0
	0.000000E+0
	0.000000E+0
	0.000000E+0
	0.000000E+0
	0.000000E+0
	0.000000E+0
	0.000000E+0
	0.000000E+0
	0.000000E+0
	0.000000E+0
	0.000000E+0
	0.000000E+0
	0.000000E+0
	0.000000E+0
	0.000000E+0
	0.000000E+0
	0.000000E+0
	0.000000E+0
	0.000000E+0
	0.000000E+0
	0.000000E+0
	0.000000E+0
	0.000000E+0
	0.000000E+0
	0.000000E+0
	0.000000E+0
	0.000000E+0
	0.000000E+0
	0.000000E+0
	0.000000E+0
	0.000000E+0
	0.000000E+0
	0.000000E+0
	0.000000E+0
	0.000000E+0
	0.000000E+0
	0.000000E+0
	0.000000E+0
	0.000000E+0
	0.000000E+0
	0.000000E+0
	0.000000E+0
	0.000000E+0
	0.000000E+0
	0.000000E+0
	0.000000E+0
	0.000000E+0
	0.000000E+0
	0.000000E+0
	0.000000E+0
	1.000000E+0
	0.000000E+0
	0.000000E+0
	0.000000E+0
	0.000000E+0
	0.000000E+0
	0.000000E+0
	0.000000E+0
	0.000000E+0
	0.000000E+0
	0.000000E+0
	0.000000E+0
	0.000000E+0
	0.000000E+0
	0.000000E+0
	0.000000E+0
	0.000000E+0
	0.000000E+0
	0.000000E+0
	0.000000E+0
	0.000000E+0
	0.000000E+0
	0.000000E+0
	0.000000E+0
	0.000000E+0
	0.000000E+0
	0.000000E+0
	0.000000E+0
	0.000000E+0
	0.000000E+0
	0.000000E+0
	0.000000E+0
	0.000000E+0
	0.000000E+0
	0.000000E+0
	0.000000E+0
	0.000000E+0
	0.000000E+0
	0.000000E+0
	0.000000E+0
	0.000000E+0
	0.000000E+0
	0.000000E+0
	0.000000E+0
	0.000000E+0
	0.000000E+0
	0.000000E+0
	0.000000E+0
	0.000000E+0
	0.000000E+0
	0.000000E+0
	0.000000E+0
	0.000000E+0
	0.000000E+0
	0.000000E+0
	0.000000E+0
	0.000000E+0
	0.000000E+0
	0.000000E+0
	0.000000E+0
	0.000000E+0
	0.000000E+0
	0.000000E+0
	0.000000E+0
	0.000000E+0
	0.000000E+0
	0.000000E+0
	0.000000E+0
	0.000000E+0
	0.000000E+0
	0.000000E+0
	0.000000E+0
	0.000000E+0
	0.000000E+0
	0.000000E+0
	0.000000E+0
	0.000000E+0
	0.000000E+0
	0.000000E+0
	0.000000E+0
	0.000000E+0
	0.000000E+0
	0.000000E+0
	0.000000E+0
	0.000000E+0
	0.000000E+0
	0.000000E+0
	0.000000E+0
	0.000000E+0
	0.000000E+0
	0.000000E+0
	0.000000E+0
	0.000000E+0
	0.000000E+0
	0.000000E+0
	0.000000E+0
	0.000000E+0
	0.000000E+0
	0.000000E+0
	0.000000E+0
	0.000000E+0
	0.000000E+0
	0.000000E+0
	0.000000E+0
	0.000000E+0
	0.000000E+0
	0.000000E+0
	0.000000E+0
	0.000000E+0
	0.000000E+0
	0.000000E+0
	0.000000E+0
	0.000000E+0
	0.000000E+0
	0.000000E+0
	0.000000E+0
	0.000000E+0
	0.000000E+0
	0.000000E+0
	0.000000E+0
	0.000000E+0
	0.000000E+0
	0.000000E+0
	0.000000E+0
	0.000000E+0
	0.000000E+0
	0.000000E+0
	0.000000E+0
	0.000000E+0
	0.000000E+0
	0.000000E+0
	0.000000E+0
	0.000000E+0
	0.000000E+0
	0.000000E+0
	0.000000E+0
	0.000000E+0
	0.000000E+0
	0.000000E+0
	0.000000E+0
	0.000000E+0
	0.000000E+0
	0.000000E+0
	0.000000E+0
	0.000000E+0
	0.000000E+0
	0.000000E+0
	0.000000E+0
	0.000000E+0
	0.000000E+0
	0.000000E+0
	0.000000E+0
	0.000000E+0
	0.000000E+0
	0.000000E+0
	0.000000E+0
	0.000000E+0
	0.000000E+0
	0.000000E+0
	0.000000E+0
	0.000000E+0
	0.000000E+0
	0.000000E+0
	0.000000E+0
	0.000000E+0
	0.000000E+0
	0.000000E+0
	0.000000E+0
	0.000000E+0
	0.000000E+0
	0.000000E+0
	0.000000E+0
	0.000000E+0
	0.000000E+0
	0.000000E+0
	0.000000E+0
	0.000000E+0
	0.000000E+0
	0.000000E+0
	0.000000E+0
	0.000000E+0
	0.000000E+0
	0.000000E+0
	0.000000E+0
	0.000000E+0
	0.000000E+0
	0.000000E+0
	0.000000E+0
	0.000000E+0
	0.000000E+0
	0.000000E+0
	0.000000E+0
	0.000000E+0
	0.000000E+0
	0.000000E+0
	0.000000E+0
	0.000000E+0
	0.000000E+0
	0.000000E+0
	0.000000E+0
	0.000000E+0
	0.000000E+0
	0.000000E+0
	0.000000E+0
	0.000000E+0
	0.000000E+0
	0.000000E+0
	0.000000E+0
	0.000000E+0
	0.000000E+0
	0.000000E+0
	0.000000E+0
	0.000000E+0
	0.000000E+0
	0.000000E+0
	0.000000E+0
	0.000000E+0
	0.000000E+0
	0.000000E+0
	0.000000E+0
	0.000000E+0
	0.000000E+0
	0.000000E+0
	0.000000E+0
	0.000000E+0
	0.000000E+0
	0.000000E+0
	0.000000E+0
	0.000000E+0
	0.000000E+0
	0.000000E+0
	0.000000E+0
	0.000000E+0
	0.000000E+0
	0.000000E+0
	0.000000E+0
	0.000000E+0
	0.000000E+0
	0.000000E+0
	0.000000E+0
	0.000000E+0
	0.000000E+0
	0.000000E+0
	0.000000E+0
	0.000000E+0
	0.000000E+0
	0.000000E+0
	0.000000E+0
	0.000000E+0
	0.000000E+0
	0.000000E+0
	0.000000E+0
	0.000000E+0
	0.000000E+0
	0.000000E+0
	0.000000E+0
	0.000000E+0
	0.000000E+0
	0.000000E+0
	0.000000E+0
	0.000000E+0
	0.000000E+0
	0.000000E+0
	0.000000E+0
	0.000000E+0
	0.000000E+0
	0.000000E+0
	0.000000E+0
	0.000000E+0
	0.000000E+0
	0.000000E+0
	0.000000E+0
	0.000000E+0
	0.000000E+0
	0.000000E+0
	0.000000E+0
	0.000000E+0
	0.000000E+0
	0.000000E+0
	0.000000E+0

