Pd X-ray tube.  At 35 kV and 2 mA. Ge422  optic. SS 50 micron shim
***************************
Energy_(eV)	theta_(deg)	source_(ustep)	detect_(ustep)	ROI_counts	total_counts	real_time	live_time	cnts_per_live	ICR_(cnts/sec)	OCR_(cnts/sec)
5.39000000E+3	8.48611498E+1	-1.72930000E+4	-1.46450000E+4	2.95000000E+2	6.97000000E+2	1.00500000E+1	1.00500000E+1	2.93532338E+1	5.87064677E+1	6.93532338E+1
5.39020000E+3	8.48377013E+1	-1.93620000E+4	-1.67150000E+4	3.22000000E+2	6.63000000E+2	1.00500000E+1	1.00500000E+1	3.20398010E+1	5.75124378E+1	6.59701493E+1
5.39040000E+3	8.48143597E+1	-2.14210000E+4	-1.87750000E+4	3.02000000E+2	6.47000000E+2	1.00490000E+1	1.00490000E+1	3.00527416E+1	5.67220619E+1	6.43845159E+1
5.39060000E+3	8.47911235E+1	-2.34710000E+4	-2.08250000E+4	2.98000000E+2	6.66000000E+2	1.00490000E+1	1.00500000E+1	2.96517413E+1	5.54284008E+1	6.62752513E+1
5.39080000E+3	8.47679913E+1	-2.55110000E+4	-2.28650000E+4	3.33000000E+2	6.87000000E+2	1.00500000E+1	1.00500000E+1	3.31343284E+1	5.83084577E+1	6.83582090E+1
5.39100000E+3	8.47449618E+1	-2.75420000E+4	-2.48960000E+4	3.39000000E+2	7.17000000E+2	1.00490000E+1	1.00500000E+1	3.37313433E+1	6.18967061E+1	7.13503831E+1
5.39120000E+3	8.47220337E+1	-2.95640000E+4	-2.69180000E+4	3.25000000E+2	6.89000000E+2	1.00490000E+1	1.00490000E+1	3.23415265E+1	5.67220619E+1	6.85640362E+1
5.39140000E+3	8.46992055E+1	-3.15760000E+4	-2.89310000E+4	3.30000000E+2	6.75000000E+2	1.00500000E+1	1.00500000E+1	3.28358209E+1	5.73134328E+1	6.71641791E+1
5.39160000E+3	8.46764762E+1	-3.35790000E+4	-3.09350000E+4	3.30000000E+2	6.81000000E+2	1.00500000E+1	1.00500000E+1	3.28358209E+1	5.72139303E+1	6.77611940E+1
5.39180000E+3	8.46538443E+1	-3.55740000E+4	-3.29300000E+4	3.50000000E+2	6.99000000E+2	1.00490000E+1	1.00490000E+1	3.48293363E+1	6.04040203E+1	6.95591601E+1
5.39200000E+3	8.46313086E+1	-3.75600000E+4	-3.49160000E+4	3.58000000E+2	6.83000000E+2	1.00490000E+1	1.00490000E+1	3.56254354E+1	6.00059707E+1	6.79669619E+1
5.39220000E+3	8.46088681E+1	-3.95370000E+4	-3.68940000E+4	3.68000000E+2	7.23000000E+2	1.00500000E+1	1.00500000E+1	3.66169154E+1	6.17910448E+1	7.19402985E+1
5.39240000E+3	8.45865214E+1	-4.15060000E+4	-3.88630000E+4	3.76000000E+2	7.25000000E+2	1.00500000E+1	1.00500000E+1	3.74129353E+1	6.34825871E+1	7.21393035E+1
5.39260000E+3	8.45642674E+1	-4.34660000E+4	-4.08230000E+4	4.00000000E+2	7.33000000E+2	1.00500000E+1	1.00500000E+1	3.98009950E+1	6.30845771E+1	7.29353234E+1
5.39280000E+3	8.45421051E+1	-4.54170000E+4	-4.27750000E+4	4.11000000E+2	7.43000000E+2	1.00490000E+1	1.00490000E+1	4.08995920E+1	6.55786645E+1	7.39377052E+1
5.39300000E+3	8.45200333E+1	-4.73610000E+4	-4.47190000E+4	4.19000000E+2	7.35000000E+2	1.00500000E+1	1.00500000E+1	4.16915423E+1	6.50746269E+1	7.31343284E+1
5.39320000E+3	8.44980509E+1	-4.92960000E+4	-4.66550000E+4	4.60000000E+2	7.59000000E+2	1.00500000E+1	1.00500000E+1	4.57711443E+1	6.58706468E+1	7.55223881E+1
5.39340000E+3	8.44761568E+1	-5.12230000E+4	-4.85830000E+4	4.42000000E+2	7.48000000E+2	1.00490000E+1	1.00490000E+1	4.39844761E+1	6.67728132E+1	7.44352672E+1
5.39360000E+3	8.44543501E+1	-5.31430000E+4	-5.05020000E+4	4.19000000E+2	7.37000000E+2	1.00490000E+1	1.00490000E+1	4.16956911E+1	6.41854911E+1	7.33406309E+1
5.39380000E+3	8.44326297E+1	-5.50540000E+4	-5.24140000E+4	4.67000000E+2	7.67000000E+2	1.00500000E+1	1.00500000E+1	4.64676617E+1	6.72636816E+1	7.63184080E+1
5.39400000E+3	8.44109945E+1	-5.69580000E+4	-5.43180000E+4	4.65000000E+2	7.91000000E+2	1.00510000E+1	1.00510000E+1	4.62640533E+1	6.73564819E+1	7.86986370E+1
5.39420000E+3	8.43894437E+1	-5.88540000E+4	-5.62140000E+4	4.79000000E+2	7.80000000E+2	1.00500000E+1	1.00500000E+1	4.76616915E+1	6.88557214E+1	7.76119403E+1
5.39440000E+3	8.43679762E+1	-6.07420000E+4	-5.81030000E+4	4.90000000E+2	7.66000000E+2	1.00490000E+1	1.00490000E+1	4.87610708E+1	6.79669619E+1	7.62264902E+1
5.39460000E+3	8.43465911E+1	-6.26230000E+4	-5.99840000E+4	5.01000000E+2	8.24000000E+2	1.00500000E+1	1.00500000E+1	4.98507463E+1	7.19402985E+1	8.19900498E+1
5.39480000E+3	8.43252875E+1	-6.44960000E+4	-6.18580000E+4	5.14000000E+2	8.03000000E+2	1.00500000E+1	1.00500000E+1	5.11442786E+1	7.04477612E+1	7.99004975E+1
5.39500000E+3	8.43040645E+1	-6.63620000E+4	-6.37240000E+4	5.14000000E+2	8.32000000E+2	1.00500000E+1	1.00500000E+1	5.11442786E+1	7.34328358E+1	8.27860697E+1
5.39520000E+3	8.42829212E+1	-6.82200000E+4	-6.55830000E+4	5.47000000E+2	8.50000000E+2	1.00490000E+1	1.00490000E+1	5.44332769E+1	7.58284406E+1	8.45855309E+1
5.39540000E+3	8.42618566E+1	-7.00720000E+4	-6.74350000E+4	5.55000000E+2	8.60000000E+2	1.00500000E+1	1.00500000E+1	5.52238806E+1	7.59203980E+1	8.55721393E+1
5.39560000E+3	8.42408700E+1	-7.19160000E+4	-6.92800000E+4	5.53000000E+2	8.60000000E+2	1.00490000E+1	1.00490000E+1	5.50303513E+1	7.66245398E+1	8.55806548E+1
5.39580000E+3	8.42199605E+1	-7.37530000E+4	-7.11170000E+4	5.98000000E+2	8.69000000E+2	1.00490000E+1	1.00490000E+1	5.95084088E+1	7.56294159E+1	8.64762663E+1
5.39600000E+3	8.41991273E+1	-7.55840000E+4	-7.29480000E+4	5.59000000E+2	7.94000000E+2	1.00500000E+1	1.00500000E+1	5.56218905E+1	7.20398010E+1	7.90049751E+1
5.39620000E+3	8.41783695E+1	-7.74070000E+4	-7.47720000E+4	6.07000000E+2	8.68000000E+2	1.00500000E+1	1.00500000E+1	6.03980100E+1	7.87064677E+1	8.63681592E+1
5.39640000E+3	8.41576864E+1	-7.92240000E+4	-7.65890000E+4	6.33000000E+2	9.15000000E+2	1.00500000E+1	1.00500000E+1	6.29850746E+1	8.23880597E+1	9.10447761E+1
5.39660000E+3	8.41370771E+1	-8.10330000E+4	-7.83990000E+4	7.42000000E+2	1.06000000E+3	1.00490000E+1	1.00490000E+1	7.38381929E+1	9.42382327E+1	1.05483133E+2
5.39680000E+3	8.41165409E+1	-8.28370000E+4	-8.02020000E+4	7.15000000E+2	9.72000000E+2	1.00490000E+1	1.00490000E+1	7.11513583E+1	8.77699274E+1	9.67260424E+1
5.39700000E+3	8.40960771E+1	-8.46330000E+4	-8.19990000E+4	7.62000000E+2	1.02900000E+3	1.00500000E+1	1.00500000E+1	7.58208955E+1	9.32338308E+1	1.02388060E+2
5.39720000E+3	8.40756848E+1	-8.64230000E+4	-8.37900000E+4	7.51000000E+2	1.02700000E+3	1.00510000E+1	1.00500000E+1	7.47263682E+1	9.24286141E+1	1.02178888E+2
5.39740000E+3	8.40553634E+1	-8.82060000E+4	-8.55740000E+4	7.62000000E+2	1.04100000E+3	1.00500000E+1	1.00500000E+1	7.58208955E+1	9.47263682E+1	1.03582090E+2
5.39760000E+3	8.40351122E+1	-8.99840000E+4	-8.73510000E+4	7.66000000E+2	1.05100000E+3	1.00500000E+1	1.00500000E+1	7.62189055E+1	9.37313433E+1	1.04577114E+2
5.39780000E+3	8.40149303E+1	-9.17540000E+4	-8.91220000E+4	8.71000000E+2	1.14600000E+3	1.00500000E+1	1.00490000E+1	8.66752911E+1	1.05572139E+2	1.14029851E+2
5.39800000E+3	8.39948172E+1	-9.35190000E+4	-9.08870000E+4	8.94000000E+2	1.16200000E+3	1.00500000E+1	1.00500000E+1	8.89552239E+1	1.06567164E+2	1.15621891E+2
5.39820000E+3	8.39747721E+1	-9.52770000E+4	-9.26450000E+4	8.90000000E+2	1.16300000E+3	1.00500000E+1	1.00500000E+1	8.85572139E+1	1.08756219E+2	1.15721393E+2
5.39840000E+3	8.39547944E+1	-9.70290000E+4	-9.43980000E+4	1.00900000E+3	1.27300000E+3	1.00500000E+1	1.00500000E+1	1.00398010E+2	1.17213930E+2	1.26666667E+2
5.39860000E+3	8.39348834E+1	-9.87750000E+4	-9.61440000E+4	1.06600000E+3	1.34700000E+3	1.00500000E+1	1.00490000E+1	1.06080207E+2	1.23781095E+2	1.34029851E+2
5.39880000E+3	8.39150385E+1	-1.00514000E+5	-9.78840000E+4	1.09300000E+3	1.35300000E+3	1.00510000E+1	1.00510000E+1	1.08745398E+2	1.26057109E+2	1.34613471E+2
5.39900000E+3	8.38952590E+1	-1.02248000E+5	-9.96180000E+4	1.12000000E+3	1.39300000E+3	1.00500000E+1	1.00490000E+1	1.11453876E+2	1.29850746E+2	1.38606965E+2
5.39920000E+3	8.38755443E+1	-1.03976000E+5	-1.01347000E+5	1.20000000E+3	1.46900000E+3	1.00510000E+1	1.00510000E+1	1.19391105E+2	1.35508905E+2	1.46154611E+2
5.39940000E+3	8.38558937E+1	-1.05698000E+5	-1.03069000E+5	1.22500000E+3	1.46400000E+3	1.00500000E+1	1.00500000E+1	1.21890547E+2	1.38308458E+2	1.45671642E+2
5.39960000E+3	8.38363067E+1	-1.07414000E+5	-1.04786000E+5	1.30800000E+3	1.53300000E+3	1.00500000E+1	1.00500000E+1	1.30149254E+2	1.44477612E+2	1.52537313E+2
5.39980000E+3	8.38167826E+1	-1.09125000E+5	-1.06496000E+5	1.36500000E+3	1.65200000E+3	1.00490000E+1	1.00480000E+1	1.35847930E+2	1.55836402E+2	1.64394467E+2
5.40000000E+3	8.37973209E+1	-1.10829000E+5	-1.08201000E+5	1.50800000E+3	1.76900000E+3	1.00510000E+1	1.00510000E+1	1.50034822E+2	1.66749577E+2	1.76002388E+2
5.40020000E+3	8.37779210E+1	-1.12528000E+5	-1.09901000E+5	1.62100000E+3	1.87100000E+3	1.00490000E+1	1.00490000E+1	1.61309583E+2	1.77331078E+2	1.86187680E+2
5.40040000E+3	8.37585822E+1	-1.14222000E+5	-1.11595000E+5	1.70500000E+3	1.94300000E+3	1.00500000E+1	1.00490000E+1	1.69668624E+2	1.86666667E+2	1.93333333E+2
5.40060000E+3	8.37393041E+1	-1.15910000E+5	-1.13283000E+5	1.73100000E+3	1.97500000E+3	1.00500000E+1	1.00490000E+1	1.72255946E+2	1.86666667E+2	1.96517413E+2
5.40080000E+3	8.37200861E+1	-1.17592000E+5	-1.14966000E+5	1.84100000E+3	2.08900000E+3	1.00500000E+1	1.00490000E+1	1.83202309E+2	1.99104478E+2	2.07860697E+2
5.40100000E+3	8.37009277E+1	-1.19269000E+5	-1.16643000E+5	1.97200000E+3	2.22600000E+3	1.00490000E+1	1.00480000E+1	1.96257962E+2	2.13951637E+2	2.21514579E+2
5.40120000E+3	8.36818282E+1	-1.20940000E+5	-1.18315000E+5	2.16600000E+3	2.41900000E+3	1.00500000E+1	1.00490000E+1	2.15543835E+2	2.31741294E+2	2.40696517E+2
5.40140000E+3	8.36627872E+1	-1.22606000E+5	-1.19981000E+5	2.24900000E+3	2.49300000E+3	1.00500000E+1	1.00490000E+1	2.23803364E+2	2.38308458E+2	2.48059701E+2
5.40160000E+3	8.36438041E+1	-1.24267000E+5	-1.21642000E+5	2.37100000E+3	2.65000000E+3	1.00500000E+1	1.00490000E+1	2.35943875E+2	2.54427861E+2	2.63681592E+2
5.40180000E+3	8.36248785E+1	-1.25923000E+5	-1.23298000E+5	2.58900000E+3	2.88500000E+3	1.00500000E+1	1.00490000E+1	2.57637576E+2	2.76517413E+2	2.87064677E+2
5.40200000E+3	8.36060098E+1	-1.27573000E+5	-1.24949000E+5	2.82600000E+3	3.06200000E+3	1.00480000E+1	1.00470000E+1	2.81277993E+2	2.98069268E+2	3.04737261E+2
5.40220000E+3	8.35871975E+1	-1.29218000E+5	-1.26594000E+5	3.11700000E+3	3.37000000E+3	1.00500000E+1	1.00480000E+1	3.10210987E+2	3.26965174E+2	3.35323383E+2
5.40240000E+3	8.35684411E+1	-1.30858000E+5	-1.28235000E+5	3.28500000E+3	3.56700000E+3	1.00490000E+1	1.00480000E+1	3.26930732E+2	3.44810429E+2	3.54960693E+2
5.40260000E+3	8.35497402E+1	-1.32493000E+5	-1.29870000E+5	3.54700000E+3	3.79900000E+3	1.00500000E+1	1.00480000E+1	3.53005573E+2	3.69452736E+2	3.78009950E+2
5.40280000E+3	8.35310942E+1	-1.34122000E+5	-1.31500000E+5	3.91300000E+3	4.18500000E+3	1.00500000E+1	1.00480000E+1	3.89430732E+2	4.07661692E+2	4.16417910E+2
5.40300000E+3	8.35125028E+1	-1.35747000E+5	-1.33125000E+5	4.22000000E+3	4.51900000E+3	1.00490000E+1	1.00470000E+1	4.20025878E+2	4.40143298E+2	4.49696487E+2
5.40320000E+3	8.34939653E+1	-1.37367000E+5	-1.34746000E+5	4.70800000E+3	4.99100000E+3	1.00500000E+1	1.00470000E+1	4.68597591E+2	4.87164179E+2	4.96616915E+2
5.40340000E+3	8.34754814E+1	-1.38982000E+5	-1.36361000E+5	5.04700000E+3	5.35100000E+3	1.00490000E+1	1.00470000E+1	5.02339007E+2	5.23833217E+2	5.32490795E+2
5.40360000E+3	8.34570507E+1	-1.40592000E+5	-1.37971000E+5	5.62900000E+3	5.94200000E+3	1.00490000E+1	1.00460000E+1	5.60322516E+2	5.83938700E+2	5.91302617E+2
5.40380000E+3	8.34386726E+1	-1.42197000E+5	-1.39577000E+5	6.18100000E+3	6.50100000E+3	1.00490000E+1	1.00460000E+1	6.15269759E+2	6.36879291E+2	6.46930043E+2
5.40400000E+3	8.34203467E+1	-1.43798000E+5	-1.41178000E+5	6.76300000E+3	7.09400000E+3	1.00500000E+1	1.00470000E+1	6.73136260E+2	6.96119403E+2	7.05870647E+2
5.40420000E+3	8.34020726E+1	-1.45393000E+5	-1.42774000E+5	7.44200000E+3	7.75700000E+3	1.00500000E+1	1.00460000E+1	7.40792355E+2	7.61990050E+2	7.71840796E+2
5.40440000E+3	8.33838499E+1	-1.46984000E+5	-1.44365000E+5	8.24300000E+3	8.58900000E+3	1.00490000E+1	1.00450000E+1	8.20607267E+2	8.44064086E+2	8.54711912E+2
5.40460000E+3	8.33656782E+1	-1.48570000E+5	-1.45952000E+5	9.10900000E+3	9.46600000E+3	1.00500000E+1	1.00450000E+1	9.06819313E+2	9.33034826E+2	9.41890547E+2
5.40480000E+3	8.33475569E+1	-1.50152000E+5	-1.47533000E+5	1.03660000E+4	1.07190000E+4	1.00490000E+1	1.00430000E+1	1.03216170E+3	1.05522938E+3	1.06667330E+3
5.40500000E+3	8.33294858E+1	-1.51729000E+5	-1.49111000E+5	1.19900000E+4	1.23890000E+4	1.00500000E+1	1.00430000E+1	1.19386637E+3	1.22557214E+3	1.23273632E+3
5.40520000E+3	8.33114644E+1	-1.53301000E+5	-1.50684000E+5	1.31140000E+4	1.35610000E+4	1.00500000E+1	1.00420000E+1	1.30591516E+3	1.34039801E+3	1.34935323E+3
5.40540000E+3	8.32934924E+1	-1.54869000E+5	-1.52252000E+5	1.49570000E+4	1.54160000E+4	1.00490000E+1	1.00410000E+1	1.48959267E+3	1.52452980E+3	1.53408299E+3
5.40560000E+3	8.32755692E+1	-1.56432000E+5	-1.53816000E+5	1.70790000E+4	1.75650000E+4	1.00490000E+1	1.00390000E+1	1.70126507E+3	1.73917803E+3	1.74793512E+3
5.40580000E+3	8.32576946E+1	-1.57991000E+5	-1.55375000E+5	1.94370000E+4	1.99390000E+4	1.00490000E+1	1.00380000E+1	1.93634190E+3	1.98238631E+3	1.98417753E+3
5.40600000E+3	8.32398682E+1	-1.59546000E+5	-1.56930000E+5	2.20070000E+4	2.26160000E+4	1.00500000E+1	1.00370000E+1	2.19258743E+3	2.25104478E+3	2.25034826E+3
5.40620000E+3	8.32220895E+1	-1.61096000E+5	-1.58480000E+5	2.45190000E+4	2.51090000E+4	1.00500000E+1	1.00360000E+1	2.44310482E+3	2.49781095E+3	2.49840796E+3
5.40640000E+3	8.32043582E+1	-1.62641000E+5	-1.60026000E+5	2.61640000E+4	2.67680000E+4	1.00500000E+1	1.00350000E+1	2.60727454E+3	2.66895522E+3	2.66348259E+3
5.40660000E+3	8.31866739E+1	-1.64183000E+5	-1.61568000E+5	2.78440000E+4	2.85050000E+4	1.00510000E+1	1.00340000E+1	2.77496512E+3	2.83444433E+3	2.83603622E+3
5.40680000E+3	8.31690364E+1	-1.65720000E+5	-1.63105000E+5	2.86880000E+4	2.93180000E+4	1.00490000E+1	1.00320000E+1	2.85964912E+3	2.91322520E+3	2.91750423E+3
5.40700000E+3	8.31514451E+1	-1.67253000E+5	-1.64638000E+5	2.84220000E+4	2.91300000E+4	1.00500000E+1	1.00330000E+1	2.83285159E+3	2.89830846E+3	2.89850746E+3
5.40720000E+3	8.31338998E+1	-1.68781000E+5	-1.66167000E+5	2.64390000E+4	2.71090000E+4	1.00500000E+1	1.00340000E+1	2.63494120E+3	2.69900498E+3	2.69741294E+3
5.40740000E+3	8.31164001E+1	-1.70305000E+5	-1.67692000E+5	2.41260000E+4	2.47470000E+4	1.00490000E+1	1.00350000E+1	2.40418535E+3	2.46104090E+3	2.46263310E+3
5.40760000E+3	8.30989456E+1	-1.71826000E+5	-1.69213000E+5	2.16700000E+4	2.21870000E+4	1.00500000E+1	1.00370000E+1	2.15901166E+3	2.20895522E+3	2.20766169E+3
5.40780000E+3	8.30815361E+1	-1.73342000E+5	-1.70729000E+5	1.89900000E+4	1.94570000E+4	1.00500000E+1	1.00390000E+1	1.89162267E+3	1.92905473E+3	1.93601990E+3
5.40800000E+3	8.30641711E+1	-1.74854000E+5	-1.72241000E+5	1.66060000E+4	1.70780000E+4	1.00490000E+1	1.00400000E+1	1.65398406E+3	1.68832720E+3	1.69947258E+3
5.40820000E+3	8.30468504E+1	-1.76361000E+5	-1.73750000E+5	1.46140000E+4	1.50440000E+4	1.00500000E+1	1.00410000E+1	1.45543273E+3	1.48945274E+3	1.49691542E+3
5.40840000E+3	8.30295736E+1	-1.77865000E+5	-1.75254000E+5	1.26430000E+4	1.30370000E+4	1.00500000E+1	1.00430000E+1	1.25888679E+3	1.29044776E+3	1.29721393E+3
5.40860000E+3	8.30123404E+1	-1.79365000E+5	-1.76754000E+5	1.13030000E+4	1.16750000E+4	1.00510000E+1	1.00440000E+1	1.12534847E+3	1.15500945E+3	1.16157596E+3
5.40880000E+3	8.29951505E+1	-1.80861000E+5	-1.78250000E+5	1.02990000E+4	1.06450000E+4	1.00500000E+1	1.00440000E+1	1.02538829E+3	1.05044776E+3	1.05920398E+3
5.40900000E+3	8.29780036E+1	-1.82353000E+5	-1.79742000E+5	9.67000000E+3	1.00000000E+4	1.00500000E+1	1.00450000E+1	9.62667994E+2	9.86467662E+2	9.95024876E+2
5.40920000E+3	8.29608992E+1	-1.83840000E+5	-1.81231000E+5	8.78200000E+3	9.14100000E+3	1.00500000E+1	1.00450000E+1	8.74265804E+2	8.99104478E+2	9.09552239E+2
5.40940000E+3	8.29438373E+1	-1.85324000E+5	-1.82715000E+5	8.38100000E+3	8.71500000E+3	1.00490000E+1	1.00450000E+1	8.34345445E+2	8.58493382E+2	8.67250473E+2
5.40960000E+3	8.29268173E+1	-1.86805000E+5	-1.84195000E+5	7.82100000E+3	8.15200000E+3	1.00500000E+1	1.00450000E+1	7.78596317E+2	8.00199005E+2	8.11144279E+2
5.40980000E+3	8.29098391E+1	-1.88281000E+5	-1.85672000E+5	7.63600000E+3	7.95500000E+3	1.00500000E+1	1.00460000E+1	7.60103524E+2	7.82686567E+2	7.91542289E+2
5.41000000E+3	8.28929023E+1	-1.89753000E+5	-1.87145000E+5	7.54900000E+3	7.89200000E+3	1.00500000E+1	1.00460000E+1	7.51443361E+2	7.74527363E+2	7.85273632E+2
5.41020000E+3	8.28760067E+1	-1.91222000E+5	-1.88614000E+5	7.52100000E+3	7.81400000E+3	1.00500000E+1	1.00460000E+1	7.48656182E+2	7.70447761E+2	7.77512438E+2
5.41040000E+3	8.28591519E+1	-1.92687000E+5	-1.90079000E+5	7.44800000E+3	7.74600000E+3	1.00500000E+1	1.00460000E+1	7.41389608E+2	7.60298507E+2	7.70746269E+2
5.41060000E+3	8.28423376E+1	-1.94148000E+5	-1.91541000E+5	7.39700000E+3	7.71200000E+3	1.00490000E+1	1.00450000E+1	7.36386262E+2	7.56990745E+2	7.67439546E+2
5.41080000E+3	8.28255637E+1	-1.95605000E+5	-1.92999000E+5	7.75300000E+3	8.07000000E+3	1.00500000E+1	1.00460000E+1	7.71749950E+2	7.94129353E+2	8.02985075E+2
5.41100000E+3	8.28088297E+1	-1.97059000E+5	-1.94453000E+5	7.86800000E+3	8.20700000E+3	1.00490000E+1	1.00450000E+1	7.83275261E+2	8.06249378E+2	8.16698179E+2
5.41120000E+3	8.27921355E+1	-1.98509000E+5	-1.95903000E+5	8.01600000E+3	8.33000000E+3	1.00490000E+1	1.00450000E+1	7.98008960E+2	8.19584038E+2	8.28938203E+2
5.41140000E+3	8.27754806E+1	-1.99955000E+5	-1.97350000E+5	8.28400000E+3	8.57200000E+3	1.00510000E+1	1.00460000E+1	8.24606809E+2	8.44990548E+2	8.52850463E+2
5.41160000E+3	8.27588650E+1	-2.01398000E+5	-1.98793000E+5	8.67700000E+3	8.98100000E+3	1.00490000E+1	1.00450000E+1	8.63812842E+2	8.86555876E+2	8.93720768E+2
5.41180000E+3	8.27422883E+1	-2.02837000E+5	-2.00233000E+5	9.17800000E+3	9.50400000E+3	1.00500000E+1	1.00440000E+1	9.13779371E+2	9.36716418E+2	9.45671642E+2
5.41200000E+3	8.27257502E+1	-2.04273000E+5	-2.01669000E+5	9.41300000E+3	9.74400000E+3	1.00500000E+1	1.00440000E+1	9.37176424E+2	9.61492537E+2	9.69552239E+2
5.41220000E+3	8.27092505E+1	-2.05705000E+5	-2.03101000E+5	1.01500000E+4	1.04770000E+4	1.00490000E+1	1.00430000E+1	1.01065419E+3	1.03343616E+3	1.04259130E+3
5.41240000E+3	8.26927889E+1	-2.07133000E+5	-2.04530000E+5	1.04810000E+4	1.08040000E+4	1.00500000E+1	1.00440000E+1	1.04350856E+3	1.06825871E+3	1.07502488E+3
5.41260000E+3	8.26763651E+1	-2.08559000E+5	-2.05955000E+5	1.11700000E+4	1.15480000E+4	1.00490000E+1	1.00430000E+1	1.11221746E+3	1.13941686E+3	1.14916907E+3
5.41280000E+3	8.26599790E+1	-2.09980000E+5	-2.07377000E+5	1.23770000E+4	1.27430000E+4	1.00520000E+1	1.00450000E+1	1.23215530E+3	1.26094310E+3	1.26770792E+3
5.41300000E+3	8.26436302E+1	-2.11398000E+5	-2.08796000E+5	1.30040000E+4	1.33700000E+4	1.00500000E+1	1.00430000E+1	1.29483222E+3	1.32029851E+3	1.33034826E+3
5.41320000E+3	8.26273185E+1	-2.12813000E+5	-2.10211000E+5	1.37580000E+4	1.41620000E+4	1.00500000E+1	1.00420000E+1	1.37004581E+3	1.40009950E+3	1.40915423E+3
5.41340000E+3	8.26110437E+1	-2.14224000E+5	-2.11623000E+5	1.49820000E+4	1.53750000E+4	1.00500000E+1	1.00410000E+1	1.49208246E+3	1.52278607E+3	1.52985075E+3
5.41360000E+3	8.25948056E+1	-2.15632000E+5	-2.13031000E+5	1.62030000E+4	1.66320000E+4	1.00500000E+1	1.00400000E+1	1.61384462E+3	1.64756219E+3	1.65492537E+3
5.41380000E+3	8.25786038E+1	-2.17037000E+5	-2.14436000E+5	1.80230000E+4	1.84930000E+4	1.00490000E+1	1.00380000E+1	1.79547719E+3	1.83291870E+3	1.84028262E+3
5.41400000E+3	8.25624381E+1	-2.18438000E+5	-2.15837000E+5	2.01160000E+4	2.05900000E+4	1.00500000E+1	1.00380000E+1	2.00398486E+3	2.04328358E+3	2.04875622E+3
5.41420000E+3	8.25463084E+1	-2.19836000E+5	-2.17235000E+5	2.16310000E+4	2.21750000E+4	1.00490000E+1	1.00360000E+1	2.15534077E+3	2.19852722E+3	2.20668723E+3
5.41440000E+3	8.25302144E+1	-2.21230000E+5	-2.18630000E+5	2.46230000E+4	2.51680000E+4	1.00500000E+1	1.00360000E+1	2.45346752E+3	2.50875622E+3	2.50427861E+3
5.41460000E+3	8.25141558E+1	-2.22621000E+5	-2.20022000E+5	2.78820000E+4	2.85140000E+4	1.00490000E+1	1.00330000E+1	2.77902920E+3	2.83849139E+3	2.83749627E+3
5.41480000E+3	8.24981324E+1	-2.24009000E+5	-2.21410000E+5	3.13330000E+4	3.20490000E+4	1.00500000E+1	1.00310000E+1	3.12361679E+3	3.20149254E+3	3.18895522E+3
5.41500000E+3	8.24821440E+1	-2.25394000E+5	-2.22796000E+5	3.57890000E+4	3.65730000E+4	1.00490000E+1	1.00280000E+1	3.56890706E+3	3.65309981E+3	3.63946661E+3
5.41520000E+3	8.24661904E+1	-2.26776000E+5	-2.24178000E+5	4.04300000E+4	4.13040000E+4	1.00500000E+1	1.00250000E+1	4.03291771E+3	4.13333333E+3	4.10985075E+3
5.41540000E+3	8.24502714E+1	-2.28154000E+5	-2.25556000E+5	4.60560000E+4	4.70080000E+4	1.00490000E+1	1.00220000E+1	4.59548992E+3	4.70564235E+3	4.67787840E+3
5.41560000E+3	8.24343867E+1	-2.29529000E+5	-2.26932000E+5	5.03410000E+4	5.13960000E+4	1.00490000E+1	1.00190000E+1	5.02455335E+3	5.15504030E+3	5.11453876E+3
5.41580000E+3	8.24185361E+1	-2.30901000E+5	-2.28304000E+5	5.51000000E+4	5.62050000E+4	1.00490000E+1	1.00160000E+1	5.50119808E+3	5.63041099E+3	5.59309384E+3
5.41600000E+3	8.24027195E+1	-2.32270000E+5	-2.29673000E+5	5.84030000E+4	5.96090000E+4	1.00490000E+1	1.00140000E+1	5.83213501E+3	5.98965071E+3	5.93183401E+3
5.41620000E+3	8.23869365E+1	-2.33636000E+5	-2.31040000E+5	5.90860000E+4	6.03590000E+4	1.00500000E+1	1.00140000E+1	5.90033952E+3	6.06179104E+3	6.00587065E+3
5.41640000E+3	8.23711870E+1	-2.34998000E+5	-2.32403000E+5	5.73940000E+4	5.86080000E+4	1.00510000E+1	1.00160000E+1	5.73023163E+3	5.87245050E+3	5.83106159E+3
5.41660000E+3	8.23554709E+1	-2.36358000E+5	-2.33763000E+5	5.31750000E+4	5.42490000E+4	1.00500000E+1	1.00180000E+1	5.30794570E+3	5.43731343E+3	5.39791045E+3
5.41680000E+3	8.23397878E+1	-2.37714000E+5	-2.35119000E+5	4.58170000E+4	4.67650000E+4	1.00500000E+1	1.00220000E+1	4.57164239E+3	4.68696517E+3	4.65323383E+3
5.41700000E+3	8.23241376E+1	-2.39068000E+5	-2.36473000E+5	3.80040000E+4	3.88360000E+4	1.00490000E+1	1.00270000E+1	3.79016655E+3	3.87600756E+3	3.86466315E+3
5.41720000E+3	8.23085200E+1	-2.40418000E+5	-2.37824000E+5	3.00420000E+4	3.06520000E+4	1.00490000E+1	1.00320000E+1	2.99461722E+3	3.06259329E+3	3.05025376E+3
5.41740000E+3	8.22929350E+1	-2.41766000E+5	-2.39172000E+5	2.37430000E+4	2.43020000E+4	1.00500000E+1	1.00360000E+1	2.36578318E+3	2.41691542E+3	2.41810945E+3
5.41760000E+3	8.22773822E+1	-2.43110000E+5	-2.40517000E+5	1.88750000E+4	1.93640000E+4	1.00500000E+1	1.00390000E+1	1.88016735E+3	1.91990050E+3	1.92676617E+3
5.41780000E+3	8.22618616E+1	-2.44452000E+5	-2.41858000E+5	1.49160000E+4	1.53200000E+4	1.00500000E+1	1.00410000E+1	1.48550941E+3	1.51601990E+3	1.52437811E+3
5.41800000E+3	8.22463728E+1	-2.45790000E+5	-2.43197000E+5	1.24630000E+4	1.28060000E+4	1.00480000E+1	1.00410000E+1	1.24121103E+3	1.26761545E+3	1.27448248E+3
5.41820000E+3	8.22309158E+1	-2.47126000E+5	-2.44533000E+5	1.07900000E+4	1.11340000E+4	1.00500000E+1	1.00440000E+1	1.07427320E+3	1.09880597E+3	1.10786070E+3
5.41840000E+3	8.22154902E+1	-2.48458000E+5	-2.45866000E+5	9.13700000E+3	9.43300000E+3	1.00500000E+1	1.00450000E+1	9.09606770E+2	9.29552239E+2	9.38606965E+2
5.41860000E+3	8.22000960E+1	-2.49788000E+5	-2.47196000E+5	8.08700000E+3	8.34000000E+3	1.00500000E+1	1.00450000E+1	8.05077153E+2	8.20696517E+2	8.29850746E+2
5.41880000E+3	8.21847330E+1	-2.51115000E+5	-2.48524000E+5	7.30700000E+3	7.57900000E+3	1.00500000E+1	1.00460000E+1	7.27354171E+2	7.43880597E+2	7.54129353E+2
5.41900000E+3	8.21694009E+1	-2.52439000E+5	-2.49848000E+5	6.60600000E+3	6.87700000E+3	1.00500000E+1	1.00470000E+1	6.57509704E+2	6.74427861E+2	6.84278607E+2
5.41920000E+3	8.21540997E+1	-2.53760000E+5	-2.51169000E+5	5.81500000E+3	6.05500000E+3	1.00500000E+1	1.00470000E+1	5.78779735E+2	5.93432836E+2	6.02487562E+2
5.41940000E+3	8.21388290E+1	-2.55078000E+5	-2.52488000E+5	5.36800000E+3	5.60500000E+3	1.00500000E+1	1.00480000E+1	5.34235669E+2	5.47661692E+2	5.57711443E+2
5.41960000E+3	8.21235887E+1	-2.56393000E+5	-2.53804000E+5	5.15900000E+3	5.40200000E+3	1.00500000E+1	1.00470000E+1	5.13486613E+2	5.27860697E+2	5.37512438E+2
5.41980000E+3	8.21083788E+1	-2.57706000E+5	-2.55117000E+5	4.53200000E+3	4.71400000E+3	1.00500000E+1	1.00480000E+1	4.51035032E+2	4.62388060E+2	4.69054726E+2
5.42000000E+3	8.20931988E+1	-2.59016000E+5	-2.56427000E+5	4.25300000E+3	4.46300000E+3	1.00500000E+1	1.00470000E+1	4.23310441E+2	4.35721393E+2	4.44079602E+2
5.42020000E+3	8.20780489E+1	-2.60323000E+5	-2.57734000E+5	4.03100000E+3	4.24000000E+3	1.00490000E+1	1.00470000E+1	4.01214293E+2	4.12777391E+2	4.21932531E+2
5.42040000E+3	8.20629286E+1	-2.61627000E+5	-2.59039000E+5	3.63600000E+3	3.82500000E+3	1.00500000E+1	1.00480000E+1	3.61863057E+2	3.73134328E+2	3.80597015E+2
5.42060000E+3	8.20478379E+1	-2.62928000E+5	-2.60341000E+5	3.33500000E+3	3.56700000E+3	1.00500000E+1	1.00480000E+1	3.31906847E+2	3.43482587E+2	3.54925373E+2
5.42080000E+3	8.20327766E+1	-2.64227000E+5	-2.61640000E+5	2.96000000E+3	3.15600000E+3	1.00500000E+1	1.00490000E+1	2.94556672E+2	3.04676617E+2	3.14029851E+2
5.42100000E+3	8.20177446E+1	-2.65523000E+5	-2.62937000E+5	2.61100000E+3	2.78300000E+3	1.00490000E+1	1.00480000E+1	2.59852707E+2	2.68583939E+2	2.76942979E+2
5.42120000E+3	8.20027416E+1	-2.66817000E+5	-2.64230000E+5	2.49600000E+3	2.67000000E+3	1.00500000E+1	1.00490000E+1	2.48382924E+2	2.57512438E+2	2.65671642E+2
5.42140000E+3	8.19877675E+1	-2.68107000E+5	-2.65521000E+5	2.18400000E+3	2.37000000E+3	1.00500000E+1	1.00490000E+1	2.17335058E+2	2.26766169E+2	2.35820896E+2
5.42160000E+3	8.19728222E+1	-2.69395000E+5	-2.66810000E+5	2.07800000E+3	2.24900000E+3	1.00500000E+1	1.00490000E+1	2.06786745E+2	2.16119403E+2	2.23781095E+2
5.42180000E+3	8.19579055E+1	-2.70681000E+5	-2.68095000E+5	1.87100000E+3	2.04500000E+3	1.00500000E+1	1.00490000E+1	1.86187680E+2	1.94825871E+2	2.03482587E+2
5.42200000E+3	8.19430172E+1	-2.71963000E+5	-2.69379000E+5	1.87300000E+3	2.02900000E+3	1.00500000E+1	1.00490000E+1	1.86386705E+2	1.94527363E+2	2.01890547E+2
5.42220000E+3	8.19281572E+1	-2.73244000E+5	-2.70659000E+5	1.56900000E+3	1.71300000E+3	1.00490000E+1	1.00490000E+1	1.56134939E+2	1.63001294E+2	1.70464723E+2
5.42240000E+3	8.19133253E+1	-2.74521000E+5	-2.71937000E+5	1.42500000E+3	1.56200000E+3	1.00490000E+1	1.00490000E+1	1.41805155E+2	1.49169072E+2	1.55438352E+2
5.42260000E+3	8.18985213E+1	-2.75796000E+5	-2.73212000E+5	1.41100000E+3	1.58000000E+3	1.00490000E+1	1.00490000E+1	1.40411981E+2	1.48372972E+2	1.57229575E+2
5.42280000E+3	8.18837452E+1	-2.77068000E+5	-2.74485000E+5	1.28400000E+3	1.43300000E+3	1.00500000E+1	1.00500000E+1	1.27761194E+2	1.35223881E+2	1.42587065E+2
5.42300000E+3	8.18689967E+1	-2.78338000E+5	-2.75755000E+5	1.18900000E+3	1.33100000E+3	1.00490000E+1	1.00490000E+1	1.18320231E+2	1.25087073E+2	1.32450990E+2
5.42320000E+3	8.18542757E+1	-2.79605000E+5	-2.77022000E+5	1.11600000E+3	1.26800000E+3	1.00490000E+1	1.00490000E+1	1.11055826E+2	1.18021694E+2	1.26181710E+2
5.42340000E+3	8.18395821E+1	-2.80870000E+5	-2.78287000E+5	1.09600000E+3	1.26500000E+3	1.00500000E+1	1.00500000E+1	1.09054726E+2	1.16716418E+2	1.25870647E+2
5.42360000E+3	8.18249158E+1	-2.82132000E+5	-2.79550000E+5	9.78000000E+2	1.12600000E+3	1.00500000E+1	1.00500000E+1	9.73134328E+1	1.03582090E+2	1.12039801E+2
5.42380000E+3	8.18102764E+1	-2.83391000E+5	-2.80810000E+5	9.48000000E+2	1.10800000E+3	1.00500000E+1	1.00500000E+1	9.43283582E+1	1.00995025E+2	1.10248756E+2
5.42400000E+3	8.17956640E+1	-2.84648000E+5	-2.82067000E+5	8.94000000E+2	1.03900000E+3	1.00490000E+1	1.00490000E+1	8.89640760E+1	9.59299433E+1	1.03393372E+2
5.42420000E+3	8.17810784E+1	-2.85903000E+5	-2.83322000E+5	8.44000000E+2	9.89000000E+2	1.00500000E+1	1.00500000E+1	8.39800995E+1	9.04477612E+1	9.84079602E+1
5.42440000E+3	8.17665195E+1	-2.87155000E+5	-2.84575000E+5	8.04000000E+2	9.58000000E+2	1.00520000E+1	1.00520000E+1	7.99840828E+1	8.64504576E+1	9.53044170E+1
5.42460000E+3	8.17519870E+1	-2.88405000E+5	-2.85825000E+5	7.61000000E+2	9.15000000E+2	1.00500000E+1	1.00500000E+1	7.57213930E+1	8.22885572E+1	9.10447761E+1
5.42480000E+3	8.17374809E+1	-2.89652000E+5	-2.87072000E+5	7.02000000E+2	8.51000000E+2	1.00490000E+1	1.00490000E+1	6.98576973E+1	7.53308787E+1	8.46850433E+1
5.42500000E+3	8.17230010E+1	-2.90896000E+5	-2.88317000E+5	7.16000000E+2	8.51000000E+2	1.00500000E+1	1.00500000E+1	7.12437811E+1	7.69154229E+1	8.46766169E+1
5.42520000E+3	8.17085472E+1	-2.92139000E+5	-2.89560000E+5	6.36000000E+2	7.67000000E+2	1.00500000E+1	1.00510000E+1	6.32772858E+1	6.92537313E+1	7.63184080E+1
5.42540000E+3	8.16941193E+1	-2.93379000E+5	-2.90800000E+5	6.49000000E+2	7.96000000E+2	1.00500000E+1	1.00500000E+1	6.45771144E+1	6.96517413E+1	7.92039801E+1
5.42560000E+3	8.16797173E+1	-2.94616000E+5	-2.92038000E+5	6.42000000E+2	7.85000000E+2	1.00500000E+1	1.00500000E+1	6.38805970E+1	6.89552239E+1	7.81094527E+1
5.42580000E+3	8.16653409E+1	-2.95851000E+5	-2.93274000E+5	5.81000000E+2	7.15000000E+2	1.00500000E+1	1.00500000E+1	5.78109453E+1	6.43781095E+1	7.11442786E+1
5.42600000E+3	8.16509901E+1	-2.97084000E+5	-2.94507000E+5	5.89000000E+2	7.25000000E+2	1.00510000E+1	1.00510000E+1	5.86011342E+1	6.48691672E+1	7.21321262E+1
5.42620000E+3	8.16366647E+1	-2.98314000E+5	-2.95737000E+5	5.45000000E+2	6.82000000E+2	1.00510000E+1	1.00510000E+1	5.42234604E+1	5.97950453E+1	6.78539449E+1
5.42640000E+3	8.16223646E+1	-2.99542000E+5	-2.96966000E+5	5.12000000E+2	6.41000000E+2	1.00490000E+1	1.00500000E+1	5.09452736E+1	5.62245000E+1	6.37874415E+1
5.42660000E+3	8.16080896E+1	-3.00768000E+5	-2.98192000E+5	5.29000000E+2	6.84000000E+2	1.00500000E+1	1.00500000E+1	5.26368159E+1	5.93034826E+1	6.80597015E+1
5.42680000E+3	8.15938397E+1	-3.01991000E+5	-2.99415000E+5	4.89000000E+2	6.27000000E+2	1.00510000E+1	1.00510000E+1	4.86518754E+1	5.51188936E+1	6.23818526E+1
5.42700000E+3	8.15796147E+1	-3.03212000E+5	-3.00637000E+5	4.53000000E+2	5.99000000E+2	1.00500000E+1	1.00500000E+1	4.50746269E+1	5.19402985E+1	5.96019900E+1
5.42720000E+3	8.15654144E+1	-3.04430000E+5	-3.01856000E+5	4.67000000E+2	6.05000000E+2	1.00500000E+1	1.00500000E+1	4.64676617E+1	5.27363184E+1	6.01990050E+1
5.42740000E+3	8.15512388E+1	-3.05647000E+5	-3.03072000E+5	4.68000000E+2	5.90000000E+2	1.00500000E+1	1.00500000E+1	4.65671642E+1	5.19402985E+1	5.87064677E+1
5.42760000E+3	8.15370878E+1	-3.06861000E+5	-3.04287000E+5	4.93000000E+2	6.46000000E+2	1.00510000E+1	1.00510000E+1	4.90498458E+1	5.46214307E+1	6.42722117E+1
5.42780000E+3	8.15229611E+1	-3.08073000E+5	-3.05499000E+5	4.17000000E+2	5.60000000E+2	1.00480000E+1	1.00490000E+1	4.14966663E+1	4.75716561E+1	5.57324841E+1
5.42800000E+3	8.15088588E+1	-3.09282000E+5	-3.06709000E+5	4.57000000E+2	6.13000000E+2	1.00500000E+1	1.00500000E+1	4.54726368E+1	5.13432836E+1	6.09950249E+1
5.42820000E+3	8.14947806E+1	-3.10489000E+5	-3.07917000E+5	4.36000000E+2	5.76000000E+2	1.00500000E+1	1.00500000E+1	4.33830846E+1	4.83582090E+1	5.73134328E+1
5.42840000E+3	8.14807264E+1	-3.11694000E+5	-3.09122000E+5	4.48000000E+2	5.74000000E+2	1.00510000E+1	1.00510000E+1	4.45726793E+1	4.97462939E+1	5.71087454E+1
5.42860000E+3	8.14666962E+1	-3.12897000E+5	-3.10325000E+5	4.09000000E+2	5.38000000E+2	1.00510000E+1	1.00520000E+1	4.06884202E+1	4.59655756E+1	5.35270122E+1
5.42880000E+3	8.14526898E+1	-3.14098000E+5	-3.11526000E+5	3.81000000E+2	5.15000000E+2	1.00490000E+1	1.00500000E+1	3.79104478E+1	4.27903274E+1	5.12488805E+1
5.42900000E+3	8.14387070E+1	-3.15296000E+5	-3.12725000E+5	4.39000000E+2	5.63000000E+2	1.00510000E+1	1.00510000E+1	4.36772460E+1	4.85523828E+1	5.60143269E+1
5.42920000E+3	8.14247479E+1	-3.16492000E+5	-3.13921000E+5	3.98000000E+2	5.26000000E+2	1.00500000E+1	1.00500000E+1	3.96019900E+1	4.41791045E+1	5.23383085E+1
5.42940000E+3	8.14108122E+1	-3.17686000E+5	-3.15116000E+5	3.77000000E+2	5.04000000E+2	1.00490000E+1	1.00500000E+1	3.75124378E+1	4.22927654E+1	5.01542442E+1
5.42960000E+3	8.13968999E+1	-3.18878000E+5	-3.16308000E+5	3.58000000E+2	5.02000000E+2	1.00490000E+1	1.00490000E+1	3.56254354E+1	4.19942283E+1	4.99552194E+1
5.42980000E+3	8.13830108E+1	-3.20068000E+5	-3.17498000E+5	3.60000000E+2	4.84000000E+2	1.00500000E+1	1.00500000E+1	3.58208955E+1	4.09950249E+1	4.81592040E+1
5.43000000E+3	8.13691448E+1	-3.21255000E+5	-3.18686000E+5	3.36000000E+2	4.77000000E+2	1.00490000E+1	1.00500000E+1	3.34328358E+1	3.89093442E+1	4.74674097E+1
5.43020000E+3	8.13553019E+1	-3.22440000E+5	-3.19871000E+5	3.34000000E+2	4.47000000E+2	1.00500000E+1	1.00510000E+1	3.32305243E+1	3.77114428E+1	4.44776119E+1
5.43040000E+3	8.13414818E+1	-3.23624000E+5	-3.21055000E+5	3.23000000E+2	4.68000000E+2	1.00490000E+1	1.00500000E+1	3.21393035E+1	3.73171460E+1	4.65717982E+1
5.43060000E+3	8.13276846E+1	-3.24805000E+5	-3.22236000E+5	2.81000000E+2	4.17000000E+2	1.00490000E+1	1.00500000E+1	2.79601990E+1	3.41327495E+1	4.14966663E+1
5.43080000E+3	8.13139100E+1	-3.25984000E+5	-3.23416000E+5	2.84000000E+2	4.31000000E+2	1.00500000E+1	1.00500000E+1	2.82587065E+1	3.32338308E+1	4.28855721E+1
5.43100000E+3	8.13001580E+1	-3.27160000E+5	-3.24593000E+5	2.77000000E+2	4.15000000E+2	1.00520000E+1	1.00520000E+1	2.75567051E+1	3.38241146E+1	4.12853164E+1
5.43120000E+3	8.12864285E+1	-3.28335000E+5	-3.25768000E+5	2.96000000E+2	4.32000000E+2	1.00480000E+1	1.00480000E+1	2.94585987E+1	3.46337580E+1	4.29936306E+1
5.43140000E+3	8.12727213E+1	-3.29508000E+5	-3.26941000E+5	2.76000000E+2	4.16000000E+2	1.00500000E+1	1.00500000E+1	2.74626866E+1	3.25373134E+1	4.13930348E+1
5.43160000E+3	8.12590364E+1	-3.30678000E+5	-3.28112000E+5	2.50000000E+2	3.83000000E+2	1.00490000E+1	1.00500000E+1	2.48756219E+1	2.93561548E+1	3.81132451E+1
5.43180000E+3	8.12453737E+1	-3.31847000E+5	-3.29281000E+5	2.69000000E+2	4.13000000E+2	1.00490000E+1	1.00490000E+1	2.67688327E+1	3.27395761E+1	4.10986168E+1
5.43200000E+3	8.12317330E+1	-3.33013000E+5	-3.30448000E+5	2.57000000E+2	3.84000000E+2	1.00500000E+1	1.00500000E+1	2.55721393E+1	3.01492537E+1	3.82089552E+1
5.43220000E+3	8.12181143E+1	-3.34177000E+5	-3.31612000E+5	2.41000000E+2	3.68000000E+2	1.00500000E+1	1.00500000E+1	2.39800995E+1	2.85572139E+1	3.66169154E+1
5.43240000E+3	8.12045174E+1	-3.35340000E+5	-3.32775000E+5	2.50000000E+2	3.73000000E+2	1.00500000E+1	1.00500000E+1	2.48756219E+1	3.08457711E+1	3.71144279E+1
5.43260000E+3	8.11909423E+1	-3.36500000E+5	-3.33936000E+5	2.45000000E+2	3.74000000E+2	1.00500000E+1	1.00500000E+1	2.43781095E+1	2.98507463E+1	3.72139303E+1
5.43280000E+3	8.11773888E+1	-3.37658000E+5	-3.35094000E+5	2.43000000E+2	3.66000000E+2	1.00500000E+1	1.00500000E+1	2.41791045E+1	2.93532338E+1	3.64179104E+1
5.43300000E+3	8.11638569E+1	-3.38814000E+5	-3.36251000E+5	2.50000000E+2	3.81000000E+2	1.00490000E+1	1.00500000E+1	2.48756219E+1	2.94556672E+1	3.79142203E+1
5.43320000E+3	8.11503464E+1	-3.39969000E+5	-3.37405000E+5	2.14000000E+2	3.47000000E+2	1.00500000E+1	1.00510000E+1	2.12914138E+1	2.60696517E+1	3.45273632E+1
5.43340000E+3	8.11368573E+1	-3.41121000E+5	-3.38558000E+5	2.20000000E+2	3.48000000E+2	1.00510000E+1	1.00510000E+1	2.18883693E+1	2.67635061E+1	3.46234206E+1
5.43360000E+3	8.11233894E+1	-3.42271000E+5	-3.39709000E+5	2.03000000E+2	3.41000000E+2	1.00500000E+1	1.00510000E+1	2.01969953E+1	2.50746269E+1	3.39303483E+1
5.43380000E+3	8.11099427E+1	-3.43419000E+5	-3.40857000E+5	2.27000000E+2	3.55000000E+2	1.00500000E+1	1.00500000E+1	2.25870647E+1	2.82587065E+1	3.53233831E+1
5.43400000E+3	8.10965171E+1	-3.44566000E+5	-3.42004000E+5	2.26000000E+2	3.41000000E+2	1.00490000E+1	1.00500000E+1	2.24875622E+1	2.74654194E+1	3.39337247E+1
5.43420000E+3	8.10831124E+1	-3.45710000E+5	-3.43149000E+5	2.24000000E+2	3.35000000E+2	1.00480000E+1	1.00480000E+1	2.22929936E+1	2.65724522E+1	3.33399682E+1
5.43440000E+3	8.10697286E+1	-3.46852000E+5	-3.44291000E+5	2.21000000E+2	3.56000000E+2	1.00510000E+1	1.00510000E+1	2.19878619E+1	2.76589394E+1	3.54193613E+1
5.43460000E+3	8.10563656E+1	-3.47993000E+5	-3.45432000E+5	2.04000000E+2	3.01000000E+2	1.00510000E+1	1.00510000E+1	2.02964879E+1	2.41766988E+1	2.99472689E+1
5.43480000E+3	8.10430232E+1	-3.49131000E+5	-3.46571000E+5	2.07000000E+2	3.24000000E+2	1.00490000E+1	1.00490000E+1	2.05990646E+1	2.38829734E+1	3.22420141E+1
5.43500000E+3	8.10297015E+1	-3.50268000E+5	-3.47708000E+5	2.08000000E+2	3.38000000E+2	1.00510000E+1	1.00510000E+1	2.06944583E+1	2.53706099E+1	3.36284947E+1
5.43520000E+3	8.10164003E+1	-3.51402000E+5	-3.48843000E+5	2.07000000E+2	3.49000000E+2	1.00490000E+1	1.00490000E+1	2.05990646E+1	2.56741964E+1	3.47298239E+1
5.43540000E+3	8.10031194E+1	-3.52535000E+5	-3.49976000E+5	1.95000000E+2	3.18000000E+2	1.00500000E+1	1.00500000E+1	1.94029851E+1	2.38805970E+1	3.16417910E+1
5.43560000E+3	8.09898590E+1	-3.53666000E+5	-3.51107000E+5	2.17000000E+2	3.42000000E+2	1.00500000E+1	1.00500000E+1	2.15920398E+1	2.58706468E+1	3.40298507E+1
5.43580000E+3	8.09766187E+1	-3.54795000E+5	-3.52237000E+5	1.80000000E+2	2.97000000E+2	1.00490000E+1	1.00500000E+1	1.79104478E+1	2.31863867E+1	2.95551796E+1
5.43600000E+3	8.09633986E+1	-3.55922000E+5	-3.53364000E+5	1.75000000E+2	3.20000000E+2	1.00500000E+1	1.00500000E+1	1.74129353E+1	2.19900498E+1	3.18407960E+1
5.43620000E+3	8.09501985E+1	-3.57047000E+5	-3.54490000E+5	2.12000000E+2	3.24000000E+2	1.00500000E+1	1.00500000E+1	2.10945274E+1	2.51741294E+1	3.22388060E+1
5.43640000E+3	8.09370185E+1	-3.58170000E+5	-3.55613000E+5	1.93000000E+2	3.25000000E+2	1.00500000E+1	1.00500000E+1	1.92039801E+1	2.33830846E+1	3.23383085E+1
5.43660000E+3	8.09238583E+1	-3.59292000E+5	-3.56735000E+5	1.76000000E+2	2.77000000E+2	1.00490000E+1	1.00490000E+1	1.75141805E+1	2.06985770E+1	2.75649318E+1
5.43680000E+3	8.09107179E+1	-3.60411000E+5	-3.57855000E+5	1.79000000E+2	3.09000000E+2	1.00500000E+1	1.00500000E+1	1.78109453E+1	2.16915423E+1	3.07462687E+1
5.43700000E+3	8.08975972E+1	-3.61529000E+5	-3.58973000E+5	1.98000000E+2	3.20000000E+2	1.00500000E+1	1.00500000E+1	1.97014925E+1	2.52736318E+1	3.18407960E+1
5.43720000E+3	8.08844961E+1	-3.62645000E+5	-3.60089000E+5	2.08000000E+2	3.37000000E+2	1.00500000E+1	1.00500000E+1	2.06965174E+1	2.51741294E+1	3.35323383E+1
5.43740000E+3	8.08714146E+1	-3.63759000E+5	-3.61204000E+5	1.85000000E+2	3.04000000E+2	1.00510000E+1	1.00510000E+1	1.84061287E+1	2.22863397E+1	3.02457467E+1
5.43760000E+3	8.08583525E+1	-3.64871000E+5	-3.62316000E+5	2.05000000E+2	3.27000000E+2	1.00500000E+1	1.00510000E+1	2.03959805E+1	2.54726368E+1	3.25373134E+1
5.43780000E+3	8.08453099E+1	-3.65981000E+5	-3.63427000E+5	1.85000000E+2	3.06000000E+2	1.00500000E+1	1.00500000E+1	1.84079602E+1	2.36815920E+1	3.04477612E+1
5.43800000E+3	8.08322865E+1	-3.67090000E+5	-3.64536000E+5	1.94000000E+2	3.08000000E+2	1.00500000E+1	1.00500000E+1	1.93034826E+1	2.40796020E+1	3.06467662E+1
5.43820000E+3	8.08192823E+1	-3.68197000E+5	-3.65643000E+5	2.19000000E+2	3.37000000E+2	1.00510000E+1	1.00510000E+1	2.17888767E+1	2.60670580E+1	3.35290021E+1
5.43840000E+3	8.08062973E+1	-3.69302000E+5	-3.66749000E+5	1.80000000E+2	3.31000000E+2	1.00500000E+1	1.00500000E+1	1.79104478E+1	2.31840796E+1	3.29353234E+1
5.43860000E+3	8.07933313E+1	-3.70405000E+5	-3.67852000E+5	1.89000000E+2	3.26000000E+2	1.00500000E+1	1.00500000E+1	1.88059701E+1	2.43781095E+1	3.24378109E+1
5.43880000E+3	8.07803843E+1	-3.71506000E+5	-3.68954000E+5	2.05000000E+2	3.25000000E+2	1.00490000E+1	1.00500000E+1	2.03980100E+1	2.47785849E+1	3.23415265E+1
5.43900000E+3	8.07674561E+1	-3.72606000E+5	-3.70054000E+5	2.27000000E+2	3.30000000E+2	1.00510000E+1	1.00510000E+1	2.25848174E+1	2.66640135E+1	3.28325540E+1
5.43920000E+3	8.07545468E+1	-3.73704000E+5	-3.71152000E+5	2.10000000E+2	3.29000000E+2	1.00500000E+1	1.00510000E+1	2.08934434E+1	2.57711443E+1	3.27363184E+1
5.43940000E+3	8.07416562E+1	-3.74800000E+5	-3.72249000E+5	2.37000000E+2	3.42000000E+2	1.00500000E+1	1.00500000E+1	2.35820896E+1	2.67661692E+1	3.40298507E+1
5.43960000E+3	8.07287843E+1	-3.75894000E+5	-3.73344000E+5	1.92000000E+2	3.19000000E+2	1.00510000E+1	1.00510000E+1	1.91025769E+1	2.40772062E+1	3.17381355E+1
5.43980000E+3	8.07159309E+1	-3.76987000E+5	-3.74437000E+5	2.22000000E+2	3.51000000E+2	1.00500000E+1	1.00500000E+1	2.20895522E+1	2.80597015E+1	3.49253731E+1
5.44000000E+3	8.07030961E+1	-3.78078000E+5	-3.75528000E+5	2.08000000E+2	3.28000000E+2	1.00500000E+1	1.00500000E+1	2.06965174E+1	2.43781095E+1	3.26368159E+1
5.44020000E+3	8.06902796E+1	-3.79167000E+5	-3.76617000E+5	2.15000000E+2	3.40000000E+2	1.00510000E+1	1.00510000E+1	2.13909064E+1	2.73604616E+1	3.38274799E+1
5.44040000E+3	8.06774815E+1	-3.80255000E+5	-3.77705000E+5	2.40000000E+2	3.56000000E+2	1.00500000E+1	1.00510000E+1	2.38782211E+1	2.77611940E+1	3.54228856E+1
5.44060000E+3	8.06647017E+1	-3.81340000E+5	-3.78791000E+5	2.20000000E+2	3.38000000E+2	1.00510000E+1	1.00510000E+1	2.18883693E+1	2.72609691E+1	3.36284947E+1
5.44080000E+3	8.06519401E+1	-3.82424000E+5	-3.79876000E+5	2.20000000E+2	3.35000000E+2	1.00500000E+1	1.00500000E+1	2.18905473E+1	2.59701493E+1	3.33333333E+1
5.44100000E+3	8.06391966E+1	-3.83507000E+5	-3.80958000E+5	2.16000000E+2	3.36000000E+2	1.00490000E+1	1.00500000E+1	2.14925373E+1	2.53756593E+1	3.34361628E+1
5.44120000E+3	8.06264712E+1	-3.84587000E+5	-3.82039000E+5	2.58000000E+2	3.70000000E+2	1.00500000E+1	1.00500000E+1	2.56716418E+1	3.00497512E+1	3.68159204E+1
5.44140000E+3	8.06137637E+1	-3.85666000E+5	-3.83119000E+5	2.44000000E+2	3.61000000E+2	1.00510000E+1	1.00510000E+1	2.42761914E+1	2.88528505E+1	3.59168242E+1
5.44160000E+3	8.06010741E+1	-3.86743000E+5	-3.84196000E+5	2.57000000E+2	3.75000000E+2	1.00500000E+1	1.00510000E+1	2.55695951E+1	2.93532338E+1	3.73134328E+1
5.44180000E+3	8.05884024E+1	-3.87819000E+5	-3.85272000E+5	2.58000000E+2	3.86000000E+2	1.00510000E+1	1.00510000E+1	2.56690877E+1	3.04447319E+1	3.84041389E+1
5.44200000E+3	8.05757484E+1	-3.88893000E+5	-3.86346000E+5	2.53000000E+2	3.72000000E+2	1.00510000E+1	1.00510000E+1	2.51716247E+1	2.97482838E+1	3.70112427E+1
5.44220000E+3	8.05631122E+1	-3.89965000E+5	-3.87419000E+5	2.57000000E+2	3.97000000E+2	1.00500000E+1	1.00500000E+1	2.55721393E+1	3.17412935E+1	3.95024876E+1
5.44240000E+3	8.05504935E+1	-3.91035000E+5	-3.88490000E+5	2.52000000E+2	3.94000000E+2	1.00500000E+1	1.00500000E+1	2.50746269E+1	2.99502488E+1	3.92039801E+1
5.44260000E+3	8.05378924E+1	-3.92104000E+5	-3.89559000E+5	2.49000000E+2	3.82000000E+2	1.00500000E+1	1.00500000E+1	2.47761194E+1	2.93532338E+1	3.80099502E+1
5.44280000E+3	8.05253087E+1	-3.93172000E+5	-3.90627000E+5	2.38000000E+2	3.45000000E+2	1.00510000E+1	1.00510000E+1	2.36792359E+1	2.80569098E+1	3.43249428E+1
5.44300000E+3	8.05127425E+1	-3.94237000E+5	-3.91693000E+5	2.39000000E+2	3.74000000E+2	1.00490000E+1	1.00490000E+1	2.37834610E+1	2.94556672E+1	3.72176336E+1
5.44320000E+3	8.05001936E+1	-3.95301000E+5	-3.92757000E+5	2.71000000E+2	3.90000000E+2	1.00490000E+1	1.00500000E+1	2.69651741E+1	3.14459150E+1	3.88098318E+1
5.44340000E+3	8.04876620E+1	-3.96364000E+5	-3.93820000E+5	2.45000000E+2	3.55000000E+2	1.00500000E+1	1.00500000E+1	2.43781095E+1	2.83582090E+1	3.53233831E+1
5.44360000E+3	8.04751476E+1	-3.97424000E+5	-3.94881000E+5	2.59000000E+2	3.77000000E+2	1.00500000E+1	1.00500000E+1	2.57711443E+1	2.90547264E+1	3.75124378E+1
5.44380000E+3	8.04626503E+1	-3.98484000E+5	-3.95941000E+5	2.60000000E+2	3.73000000E+2	1.00490000E+1	1.00490000E+1	2.58732212E+1	3.01522540E+1	3.71181212E+1
5.44400000E+3	8.04501701E+1	-3.99541000E+5	-3.96999000E+5	2.21000000E+2	3.32000000E+2	1.00490000E+1	1.00490000E+1	2.19922380E+1	2.64702956E+1	3.30381132E+1
5.44420000E+3	8.04377069E+1	-4.00597000E+5	-3.98055000E+5	2.28000000E+2	3.52000000E+2	1.00500000E+1	1.00500000E+1	2.26865672E+1	2.69651741E+1	3.50248756E+1
5.44440000E+3	8.04252606E+1	-4.01651000E+5	-3.99110000E+5	2.44000000E+2	3.58000000E+2	1.00500000E+1	1.00500000E+1	2.42786070E+1	2.89552239E+1	3.56218905E+1
5.44460000E+3	8.04128312E+1	-4.02704000E+5	-4.00163000E+5	2.53000000E+2	3.79000000E+2	1.00490000E+1	1.00500000E+1	2.51741294E+1	2.92566425E+1	3.77151955E+1
5.44480000E+3	8.04004186E+1	-4.03755000E+5	-4.01214000E+5	2.21000000E+2	3.67000000E+2	1.00490000E+1	1.00490000E+1	2.19922380E+1	2.65698079E+1	3.65210469E+1
5.44500000E+3	8.03880227E+1	-4.04805000E+5	-4.02264000E+5	2.19000000E+2	3.39000000E+2	1.00500000E+1	1.00500000E+1	2.17910448E+1	2.62686567E+1	3.37313433E+1
5.44520000E+3	8.03756435E+1	-4.05853000E+5	-4.03313000E+5	2.22000000E+2	3.54000000E+2	1.00500000E+1	1.00500000E+1	2.20895522E+1	2.60696517E+1	3.52238806E+1
5.44540000E+3	8.03632809E+1	-4.06899000E+5	-4.04360000E+5	2.25000000E+2	3.39000000E+2	1.00500000E+1	1.00500000E+1	2.23880597E+1	2.69651741E+1	3.37313433E+1
5.44560000E+3	8.03509349E+1	-4.07944000E+5	-4.05405000E+5	2.51000000E+2	3.76000000E+2	1.00490000E+1	1.00490000E+1	2.49776097E+1	2.98537168E+1	3.74166584E+1
5.44580000E+3	8.03386054E+1	-4.08988000E+5	-4.06449000E+5	2.21000000E+2	3.45000000E+2	1.00490000E+1	1.00490000E+1	2.19922380E+1	2.65698079E+1	3.43317743E+1
5.44600000E+3	8.03262922E+1	-4.10029000E+5	-4.07491000E+5	2.21000000E+2	3.37000000E+2	1.00500000E+1	1.00500000E+1	2.19900498E+1	2.66666667E+1	3.35323383E+1
5.44620000E+3	8.03139955E+1	-4.11070000E+5	-4.08532000E+5	2.27000000E+2	3.49000000E+2	1.00490000E+1	1.00500000E+1	2.25870647E+1	2.60722460E+1	3.47298239E+1
5.44640000E+3	8.03017150E+1	-4.12108000E+5	-4.09571000E+5	1.69000000E+2	2.79000000E+2	1.00480000E+1	1.00490000E+1	1.68175938E+1	2.05015924E+1	2.77667197E+1
5.44660000E+3	8.02894507E+1	-4.13146000E+5	-4.10608000E+5	1.73000000E+2	3.08000000E+2	1.00490000E+1	1.00490000E+1	1.72156433E+1	2.22907752E+1	3.06498159E+1
5.44680000E+3	8.02772027E+1	-4.14181000E+5	-4.11644000E+5	1.97000000E+2	3.05000000E+2	1.00500000E+1	1.00500000E+1	1.96019900E+1	2.38805970E+1	3.03482587E+1
5.44700000E+3	8.02649707E+1	-4.15215000E+5	-4.12679000E+5	1.77000000E+2	3.07000000E+2	1.00490000E+1	1.00490000E+1	1.76136929E+1	2.26888248E+1	3.05503035E+1
5.44720000E+3	8.02527548E+1	-4.16248000E+5	-4.13712000E+5	1.80000000E+2	3.13000000E+2	1.00500000E+1	1.00510000E+1	1.79086658E+1	2.18905473E+1	3.11442786E+1
5.44740000E+3	8.02405549E+1	-4.17279000E+5	-4.14743000E+5	1.67000000E+2	2.97000000E+2	1.00500000E+1	1.00500000E+1	1.66169154E+1	2.11940299E+1	2.95522388E+1
5.44760000E+3	8.02283709E+1	-4.18309000E+5	-4.15773000E+5	1.62000000E+2	2.86000000E+2	1.00490000E+1	1.00500000E+1	1.61194030E+1	2.04000398E+1	2.84605433E+1
5.44780000E+3	8.02162028E+1	-4.19337000E+5	-4.16802000E+5	1.71000000E+2	3.04000000E+2	1.00500000E+1	1.00500000E+1	1.70149254E+1	2.25870647E+1	3.02487562E+1
5.44800000E+3	8.02040505E+1	-4.20364000E+5	-4.17829000E+5	1.40000000E+2	2.47000000E+2	1.00500000E+1	1.00500000E+1	1.39303483E+1	1.81094527E+1	2.45771144E+1
5.44820000E+3	8.01919139E+1	-4.21389000E+5	-4.18854000E+5	1.21000000E+2	2.34000000E+2	1.00490000E+1	1.00500000E+1	1.20398010E+1	1.67180814E+1	2.32858991E+1
5.44840000E+3	8.01797931E+1	-4.22412000E+5	-4.19879000E+5	1.34000000E+2	2.57000000E+2	1.00500000E+1	1.00510000E+1	1.33320068E+1	1.72139303E+1	2.55721393E+1
5.44860000E+3	8.01676879E+1	-4.23435000E+5	-4.20901000E+5	1.33000000E+2	2.35000000E+2	1.00500000E+1	1.00500000E+1	1.32338308E+1	1.67164179E+1	2.33830846E+1
5.44880000E+3	8.01555982E+1	-4.24455000E+5	-4.21922000E+5	1.25000000E+2	2.25000000E+2	1.00500000E+1	1.00500000E+1	1.24378109E+1	1.58208955E+1	2.23880597E+1
5.44900000E+3	8.01435241E+1	-4.25475000E+5	-4.22942000E+5	1.21000000E+2	2.54000000E+2	1.00500000E+1	1.00510000E+1	1.20386031E+1	1.68159204E+1	2.52736318E+1
5.44920000E+3	8.01314655E+1	-4.26492000E+5	-4.23960000E+5	8.30000000E+1	1.77000000E+2	1.00510000E+1	1.00510000E+1	8.25788479E+0	1.16406328E+1	1.76101880E+1
5.44940000E+3	8.01194223E+1	-4.27509000E+5	-4.24977000E+5	9.90000000E+1	2.00000000E+2	1.00500000E+1	1.00500000E+1	9.85074627E+0	1.39303483E+1	1.99004975E+1
5.44960000E+3	8.01073944E+1	-4.28524000E+5	-4.25992000E+5	9.10000000E+1	2.20000000E+2	1.00490000E+1	1.00500000E+1	9.05472637E+0	1.36331973E+1	2.18927256E+1
5.44980000E+3	8.00953818E+1	-4.29537000E+5	-4.27006000E+5	8.40000000E+1	1.92000000E+2	1.00490000E+1	1.00500000E+1	8.35820896E+0	1.23395363E+1	1.91063787E+1
5.45000000E+3	8.00833845E+1	-4.30549000E+5	-4.28018000E+5	9.40000000E+1	1.98000000E+2	1.00500000E+1	1.00510000E+1	9.35230325E+0	1.26368159E+1	1.97014925E+1
5.45020000E+3	8.00714023E+1	-4.31560000E+5	-4.29029000E+5	7.60000000E+1	1.95000000E+2	1.00500000E+1	1.00500000E+1	7.56218905E+0	1.20398010E+1	1.94029851E+1
5.45040000E+3	8.00594353E+1	-4.32569000E+5	-4.30039000E+5	9.00000000E+1	2.17000000E+2	1.00480000E+1	1.00490000E+1	8.95611504E+0	1.26393312E+1	2.15963376E+1
5.45060000E+3	8.00474833E+1	-4.33577000E+5	-4.31047000E+5	8.10000000E+1	2.07000000E+2	1.00500000E+1	1.00510000E+1	8.05889961E+0	1.21393035E+1	2.05970149E+1
5.45080000E+3	8.00355464E+1	-4.34583000E+5	-4.32054000E+5	7.40000000E+1	1.95000000E+2	1.00500000E+1	1.00510000E+1	7.36245150E+0	1.13432836E+1	1.94029851E+1
5.45100000E+3	8.00236245E+1	-4.35588000E+5	-4.33059000E+5	8.20000000E+1	2.11000000E+2	1.00500000E+1	1.00500000E+1	8.15920398E+0	1.21393035E+1	2.09950249E+1
5.45120000E+3	8.00117174E+1	-4.36591000E+5	-4.34063000E+5	6.70000000E+1	1.91000000E+2	1.00500000E+1	1.00500000E+1	6.66666667E+0	1.16417910E+1	1.90049751E+1
5.45140000E+3	7.99998253E+1	-4.37593000E+5	-4.35065000E+5	7.20000000E+1	1.86000000E+2	1.00500000E+1	1.00500000E+1	7.16417910E+0	1.09452736E+1	1.85074627E+1
5.45160000E+3	7.99879479E+1	-4.38594000E+5	-4.36066000E+5	7.30000000E+1	1.88000000E+2	1.00500000E+1	1.00500000E+1	7.26368159E+0	1.08457711E+1	1.87064677E+1
5.45180000E+3	7.99760853E+1	-4.39593000E+5	-4.37066000E+5	7.10000000E+1	1.78000000E+2	1.00490000E+1	1.00500000E+1	7.06467662E+0	1.04488009E+1	1.77132053E+1
5.45200000E+3	7.99642374E+1	-4.40591000E+5	-4.38064000E+5	7.30000000E+1	1.97000000E+2	1.00480000E+1	1.00490000E+1	7.26440442E+0	1.10469745E+1	1.96058917E+1
5.45220000E+3	7.99524042E+1	-4.41588000E+5	-4.39061000E+5	6.10000000E+1	1.79000000E+2	1.00510000E+1	1.00510000E+1	6.06904786E+0	9.05382549E+0	1.78091732E+1
5.45240000E+3	7.99405855E+1	-4.42583000E+5	-4.40057000E+5	6.30000000E+1	1.69000000E+2	1.00510000E+1	1.00510000E+1	6.26803303E+0	1.04467217E+1	1.68142473E+1
5.45260000E+3	7.99287814E+1	-4.43577000E+5	-4.41051000E+5	7.20000000E+1	1.82000000E+2	1.00500000E+1	1.00500000E+1	7.16417910E+0	1.16417910E+1	1.81094527E+1
5.45280000E+3	7.99169918E+1	-4.44569000E+5	-4.42044000E+5	5.00000000E+1	1.50000000E+2	1.00500000E+1	1.00510000E+1	4.97462939E+0	8.35820896E+0	1.49253731E+1
5.45300000E+3	7.99052167E+1	-4.45560000E+5	-4.43035000E+5	7.40000000E+1	2.00000000E+2	1.00490000E+1	1.00500000E+1	7.36318408E+0	1.15434372E+1	1.99024779E+1
5.45320000E+3	7.98934560E+1	-4.46550000E+5	-4.44025000E+5	6.50000000E+1	2.10000000E+2	1.00500000E+1	1.00500000E+1	6.46766169E+0	1.13432836E+1	2.08955224E+1
5.45340000E+3	7.98817096E+1	-4.47538000E+5	-4.45014000E+5	6.70000000E+1	1.88000000E+2	1.00490000E+1	1.00500000E+1	6.66666667E+0	1.05483133E+1	1.87083292E+1
5.45360000E+3	7.98699775E+1	-4.48525000E+5	-4.46001000E+5	5.10000000E+1	1.43000000E+2	1.00500000E+1	1.00510000E+1	5.07412198E+0	7.26368159E+0	1.42288557E+1
5.45380000E+3	7.98582596E+1	-4.49511000E+5	-4.46987000E+5	6.40000000E+1	1.84000000E+2	1.00490000E+1	1.00490000E+1	6.36879291E+0	1.01502637E+1	1.83102796E+1
5.45400000E+3	7.98465560E+1	-4.50495000E+5	-4.47972000E+5	6.50000000E+1	1.68000000E+2	1.00500000E+1	1.00510000E+1	6.46701821E+0	9.95024876E+0	1.67164179E+1
5.45420000E+3	7.98348665E+1	-4.51478000E+5	-4.48955000E+5	4.80000000E+1	1.36000000E+2	1.00500000E+1	1.00500000E+1	4.77611940E+0	8.05970149E+0	1.35323383E+1
5.45440000E+3	7.98231911E+1	-4.52459000E+5	-4.49937000E+5	5.10000000E+1	1.56000000E+2	1.00490000E+1	1.00490000E+1	5.07513185E+0	8.45855309E+0	1.55239327E+1
5.45460000E+3	7.98115297E+1	-4.53440000E+5	-4.50917000E+5	5.50000000E+1	1.47000000E+2	1.00510000E+1	1.00510000E+1	5.47209233E+0	9.15331808E+0	1.46254104E+1
5.45480000E+3	7.97998824E+1	-4.54419000E+5	-4.51897000E+5	6.80000000E+1	1.92000000E+2	1.00500000E+1	1.00500000E+1	6.76616915E+0	1.10447761E+1	1.91044776E+1
5.45500000E+3	7.97882490E+1	-4.55396000E+5	-4.52875000E+5	3.90000000E+1	1.56000000E+2	1.00500000E+1	1.00510000E+1	3.88021092E+0	6.46766169E+0	1.55223881E+1
5.45520000E+3	7.97766295E+1	-4.56372000E+5	-4.53851000E+5	4.60000000E+1	1.63000000E+2	1.00480000E+1	1.00490000E+1	4.57756991E+0	7.76273885E+0	1.62221338E+1
5.45540000E+3	7.97650239E+1	-4.57347000E+5	-4.54827000E+5	5.90000000E+1	1.90000000E+2	1.00510000E+1	1.00510000E+1	5.87006268E+0	9.84976619E+0	1.89035917E+1
5.45560000E+3	7.97534321E+1	-4.58321000E+5	-4.55801000E+5	6.30000000E+1	1.93000000E+2	1.00500000E+1	1.00500000E+1	6.26865672E+0	1.00497512E+1	1.92039801E+1
5.45580000E+3	7.97418541E+1	-4.59293000E+5	-4.56774000E+5	4.70000000E+1	1.59000000E+2	1.00490000E+1	1.00500000E+1	4.67661692E+0	8.35904070E+0	1.58224699E+1
5.45600000E+3	7.97302898E+1	-4.60264000E+5	-4.57745000E+5	4.90000000E+1	1.68000000E+2	1.00490000E+1	1.00490000E+1	4.87610708E+0	9.25465220E+0	1.67180814E+1
5.45620000E+3	7.97187392E+1	-4.61234000E+5	-4.58715000E+5	3.90000000E+1	1.82000000E+2	1.00490000E+1	1.00500000E+1	3.88059701E+0	8.95611504E+0	1.81112549E+1
5.45640000E+3	7.97072022E+1	-4.62203000E+5	-4.59684000E+5	6.00000000E+1	1.69000000E+2	1.00490000E+1	1.00490000E+1	5.97074336E+0	9.95123893E+0	1.68175938E+1
5.45660000E+3	7.96956788E+1	-4.63170000E+5	-4.60652000E+5	4.50000000E+1	1.50000000E+2	1.00500000E+1	1.00500000E+1	4.47761194E+0	7.06467662E+0	1.49253731E+1
5.45680000E+3	7.96841689E+1	-4.64136000E+5	-4.61618000E+5	4.80000000E+1	1.65000000E+2	1.00500000E+1	1.00500000E+1	4.77611940E+0	7.86069652E+0	1.64179104E+1
5.45700000E+3	7.96726725E+1	-4.65100000E+5	-4.62583000E+5	3.70000000E+1	1.32000000E+2	1.00500000E+1	1.00510000E+1	3.68122575E+0	7.56218905E+0	1.31343284E+1
5.45720000E+3	7.96611896E+1	-4.66064000E+5	-4.63547000E+5	5.30000000E+1	1.76000000E+2	1.00490000E+1	1.00500000E+1	5.27363184E+0	9.15513981E+0	1.75141805E+1
5.45740000E+3	7.96497201E+1	-4.67026000E+5	-4.64509000E+5	5.40000000E+1	1.63000000E+2	1.00510000E+1	1.00510000E+1	5.37259974E+0	9.05382549E+0	1.62172918E+1
5.45760000E+3	7.96382639E+1	-4.67987000E+5	-4.65470000E+5	4.80000000E+1	1.57000000E+2	1.00500000E+1	1.00500000E+1	4.77611940E+0	7.36318408E+0	1.56218905E+1
5.45780000E+3	7.96268211E+1	-4.68946000E+5	-4.66430000E+5	5.20000000E+1	1.68000000E+2	1.00500000E+1	1.00510000E+1	5.17361457E+0	8.65671642E+0	1.67164179E+1
5.45800000E+3	7.96153915E+1	-4.69905000E+5	-4.67389000E+5	2.80000000E+1	1.37000000E+2	1.00500000E+1	1.00500000E+1	2.78606965E+0	5.57213930E+0	1.36318408E+1
5.45820000E+3	7.96039751E+1	-4.70862000E+5	-4.68346000E+5	5.80000000E+1	1.54000000E+2	1.00500000E+1	1.00500000E+1	5.77114428E+0	8.45771144E+0	1.53233831E+1
5.45840000E+3	7.95925720E+1	-4.71817000E+5	-4.69302000E+5	4.40000000E+1	1.65000000E+2	1.00490000E+1	1.00490000E+1	4.37854513E+0	1.00507513E+1	1.64195442E+1
5.45860000E+3	7.95811820E+1	-4.72772000E+5	-4.70257000E+5	4.80000000E+1	1.53000000E+2	1.00480000E+1	1.00480000E+1	4.77707006E+0	8.75796178E+0	1.52269108E+1
5.45880000E+3	7.95698050E+1	-4.73725000E+5	-4.71211000E+5	4.50000000E+1	1.54000000E+2	1.00500000E+1	1.00510000E+1	4.47716645E+0	7.96019900E+0	1.53233831E+1
5.45900000E+3	7.95584412E+1	-4.74677000E+5	-4.72164000E+5	4.60000000E+1	1.67000000E+2	1.00500000E+1	1.00510000E+1	4.57665904E+0	9.05472637E+0	1.66169154E+1
5.45920000E+3	7.95470903E+1	-4.75628000E+5	-4.73115000E+5	4.50000000E+1	1.65000000E+2	1.00500000E+1	1.00500000E+1	4.47761194E+0	7.76119403E+0	1.64179104E+1
5.45940000E+3	7.95357524E+1	-4.76578000E+5	-4.74065000E+5	4.80000000E+1	1.48000000E+2	1.00510000E+1	1.00520000E+1	4.77516912E+0	7.85991444E+0	1.47249030E+1
5.45960000E+3	7.95244275E+1	-4.77526000E+5	-4.75013000E+5	3.30000000E+1	1.55000000E+2	1.00510000E+1	1.00510000E+1	3.28325540E+0	8.05889961E+0	1.54213511E+1
5.45980000E+3	7.95131154E+1	-4.78473000E+5	-4.75961000E+5	3.50000000E+1	1.59000000E+2	1.00490000E+1	1.00500000E+1	3.48258706E+0	6.76684247E+0	1.58224699E+1
5.46000000E+3	7.95018162E+1	-4.79419000E+5	-4.76907000E+5	3.80000000E+1	1.60000000E+2	1.00490000E+1	1.00500000E+1	3.78109453E+0	7.96099114E+0	1.59219823E+1
5.46020000E+3	7.94905297E+1	-4.80364000E+5	-4.77852000E+5	5.50000000E+1	1.60000000E+2	1.00490000E+1	1.00490000E+1	5.47318141E+0	8.35904070E+0	1.59219823E+1
5.46040000E+3	7.94792561E+1	-4.81307000E+5	-4.78796000E+5	5.40000000E+1	1.58000000E+2	1.00500000E+1	1.00500000E+1	5.37313433E+0	8.35820896E+0	1.57213930E+1
5.46060000E+3	7.94679951E+1	-4.82250000E+5	-4.79739000E+5	4.00000000E+1	1.49000000E+2	1.00510000E+1	1.00510000E+1	3.97970351E+0	7.46194409E+0	1.48243956E+1
5.46080000E+3	7.94567469E+1	-4.83191000E+5	-4.80680000E+5	4.00000000E+1	1.39000000E+2	1.00500000E+1	1.00500000E+1	3.98009950E+0	7.16417910E+0	1.38308458E+1
5.46100000E+3	7.94455113E+1	-4.84131000E+5	-4.81621000E+5	3.40000000E+1	1.36000000E+2	1.00500000E+1	1.00510000E+1	3.38274799E+0	7.26368159E+0	1.35323383E+1
5.46120000E+3	7.94342882E+1	-4.85069000E+5	-4.82560000E+5	5.00000000E+1	1.53000000E+2	1.00500000E+1	1.00500000E+1	4.97512438E+0	7.96019900E+0	1.52238806E+1
5.46140000E+3	7.94230778E+1	-4.86007000E+5	-4.83498000E+5	3.70000000E+1	1.40000000E+2	1.00500000E+1	1.00500000E+1	3.68159204E+0	6.86567164E+0	1.39303483E+1
5.46160000E+3	7.94118798E+1	-4.86943000E+5	-4.84434000E+5	3.20000000E+1	1.35000000E+2	1.00490000E+1	1.00500000E+1	3.18407960E+0	6.46830530E+0	1.34341726E+1
5.46180000E+3	7.94006944E+1	-4.87878000E+5	-4.85370000E+5	3.80000000E+1	1.40000000E+2	1.00500000E+1	1.00510000E+1	3.78071834E+0	6.96517413E+0	1.39303483E+1
5.46200000E+3	7.93895214E+1	-4.88812000E+5	-4.86304000E+5	4.00000000E+1	1.61000000E+2	1.00500000E+1	1.00500000E+1	3.98009950E+0	8.25870647E+0	1.60199005E+1
5.46220000E+3	7.93783607E+1	-4.89745000E+5	-4.87237000E+5	3.90000000E+1	1.50000000E+2	1.00500000E+1	1.00500000E+1	3.88059701E+0	7.46268657E+0	1.49253731E+1
5.46240000E+3	7.93672125E+1	-4.90677000E+5	-4.88169000E+5	2.90000000E+1	1.48000000E+2	1.00500000E+1	1.00500000E+1	2.88557214E+0	5.77114428E+0	1.47263682E+1
5.46260000E+3	7.93560766E+1	-4.91607000E+5	-4.89100000E+5	3.70000000E+1	1.42000000E+2	1.00500000E+1	1.00500000E+1	3.68159204E+0	6.06965174E+0	1.41293532E+1
5.46280000E+3	7.93449529E+1	-4.92536000E+5	-4.90030000E+5	3.60000000E+1	1.43000000E+2	1.00490000E+1	1.00500000E+1	3.58208955E+0	6.66733008E+0	1.42302717E+1
5.46300000E+3	7.93338415E+1	-4.93464000E+5	-4.90958000E+5	3.60000000E+1	1.45000000E+2	1.00490000E+1	1.00490000E+1	3.58244601E+0	7.26440442E+0	1.44292964E+1
5.46320000E+3	7.93227423E+1	-4.94391000E+5	-4.91886000E+5	3.20000000E+1	1.40000000E+2	1.00500000E+1	1.00500000E+1	3.18407960E+0	7.06467662E+0	1.39303483E+1
5.46340000E+3	7.93116553E+1	-4.95317000E+5	-4.92812000E+5	4.50000000E+1	1.71000000E+2	1.00500000E+1	1.00500000E+1	4.47761194E+0	8.85572139E+0	1.70149254E+1
5.46360000E+3	7.93005805E+1	-4.96242000E+5	-4.93737000E+5	3.00000000E+1	1.40000000E+2	1.00510000E+1	1.00510000E+1	2.98477763E+0	6.36752562E+0	1.39289623E+1
5.46380000E+3	7.92895177E+1	-4.97165000E+5	-4.94661000E+5	3.80000000E+1	1.47000000E+2	1.00500000E+1	1.00500000E+1	3.78109453E+0	8.05970149E+0	1.46268657E+1
5.46400000E+3	7.92784669E+1	-4.98087000E+5	-4.95583000E+5	3.80000000E+1	1.42000000E+2	1.00500000E+1	1.00500000E+1	3.78109453E+0	6.96517413E+0	1.41293532E+1
5.46420000E+3	7.92674282E+1	-4.99009000E+5	-4.96505000E+5	2.50000000E+1	1.35000000E+2	1.00500000E+1	1.00500000E+1	2.48756219E+0	6.26865672E+0	1.34328358E+1
5.46440000E+3	7.92564015E+1	-4.99929000E+5	-4.97425000E+5	4.00000000E+1	1.35000000E+2	1.00520000E+1	1.00530000E+1	3.97891177E+0	6.46637485E+0	1.34301632E+1
5.46460000E+3	7.92453867E+1	-5.00848000E+5	-4.98345000E+5	3.60000000E+1	1.55000000E+2	1.00500000E+1	1.00500000E+1	3.58208955E+0	6.76616915E+0	1.54228856E+1
5.46480000E+3	7.92343839E+1	-5.01765000E+5	-4.99263000E+5	4.10000000E+1	1.48000000E+2	1.00500000E+1	1.00500000E+1	4.07960199E+0	6.76616915E+0	1.47263682E+1
5.46500000E+3	7.92233929E+1	-5.02682000E+5	-5.00180000E+5	3.70000000E+1	1.46000000E+2	1.00490000E+1	1.00500000E+1	3.68159204E+0	8.45855309E+0	1.45288088E+1
5.46520000E+3	7.92124137E+1	-5.03597000E+5	-5.01096000E+5	3.10000000E+1	1.39000000E+2	1.00490000E+1	1.00500000E+1	3.08457711E+0	6.86635486E+0	1.38322221E+1
5.46540000E+3	7.92014464E+1	-5.04512000E+5	-5.02010000E+5	4.40000000E+1	1.50000000E+2	1.00480000E+1	1.00490000E+1	4.37854513E+0	8.06130573E+0	1.49283439E+1
5.46560000E+3	7.91904908E+1	-5.05425000E+5	-5.02924000E+5	3.70000000E+1	1.53000000E+2	1.00500000E+1	1.00500000E+1	3.68159204E+0	7.46268657E+0	1.52238806E+1
5.46580000E+3	7.91795469E+1	-5.06337000E+5	-5.03837000E+5	2.70000000E+1	1.18000000E+2	1.00500000E+1	1.00500000E+1	2.68656716E+0	5.67164179E+0	1.17412935E+1
5.46600000E+3	7.91686148E+1	-5.07248000E+5	-5.04748000E+5	3.60000000E+1	1.60000000E+2	1.00500000E+1	1.00500000E+1	3.58208955E+0	7.26368159E+0	1.59203980E+1
5.46620000E+3	7.91576943E+1	-5.08158000E+5	-5.05658000E+5	2.90000000E+1	1.49000000E+2	1.00500000E+1	1.00510000E+1	2.88528505E+0	5.57213930E+0	1.48258706E+1
5.46640000E+3	7.91467854E+1	-5.09067000E+5	-5.06567000E+5	3.50000000E+1	1.43000000E+2	1.00500000E+1	1.00510000E+1	3.48224057E+0	6.46766169E+0	1.42288557E+1
5.46660000E+3	7.91358881E+1	-5.09975000E+5	-5.07476000E+5	3.50000000E+1	1.60000000E+2	1.00500000E+1	1.00500000E+1	3.48258706E+0	6.46766169E+0	1.59203980E+1
5.46680000E+3	7.91250024E+1	-5.10881000E+5	-5.08383000E+5	3.50000000E+1	1.63000000E+2	1.00500000E+1	1.00510000E+1	3.48224057E+0	7.46268657E+0	1.62189055E+1
5.46700000E+3	7.91141282E+1	-5.11787000E+5	-5.09288000E+5	3.00000000E+1	1.37000000E+2	1.00500000E+1	1.00510000E+1	2.98477763E+0	6.96517413E+0	1.36318408E+1
5.46720000E+3	7.91032654E+1	-5.12691000E+5	-5.10193000E+5	3.20000000E+1	1.37000000E+2	1.00510000E+1	1.00510000E+1	3.18376281E+0	7.16346632E+0	1.36304845E+1
5.46740000E+3	7.90924141E+1	-5.13595000E+5	-5.11097000E+5	2.80000000E+1	1.21000000E+2	1.00500000E+1	1.00500000E+1	2.78606965E+0	5.27363184E+0	1.20398010E+1
5.46760000E+3	7.90815743E+1	-5.14497000E+5	-5.12000000E+5	2.50000000E+1	1.26000000E+2	1.00490000E+1	1.00500000E+1	2.48756219E+0	5.47318141E+0	1.25385611E+1
5.46780000E+3	7.90707458E+1	-5.15398000E+5	-5.12901000E+5	3.50000000E+1	1.50000000E+2	1.00490000E+1	1.00490000E+1	3.48293363E+0	7.66245398E+0	1.49268584E+1
5.46800000E+3	7.90599287E+1	-5.16298000E+5	-5.13802000E+5	2.50000000E+1	1.45000000E+2	1.00500000E+1	1.00500000E+1	2.48756219E+0	4.97512438E+0	1.44278607E+1
5.46820000E+3	7.90491229E+1	-5.17197000E+5	-5.14701000E+5	2.60000000E+1	1.25000000E+2	1.00500000E+1	1.00500000E+1	2.58706468E+0	5.47263682E+0	1.24378109E+1
5.46840000E+3	7.90383283E+1	-5.18095000E+5	-5.15599000E+5	2.30000000E+1	1.21000000E+2	1.00490000E+1	1.00500000E+1	2.28855721E+0	6.07025575E+0	1.20409991E+1
5.46860000E+3	7.90275450E+1	-5.18992000E+5	-5.16497000E+5	2.70000000E+1	1.45000000E+2	1.00500000E+1	1.00510000E+1	2.68629987E+0	6.46766169E+0	1.44278607E+1
5.46880000E+3	7.90167730E+1	-5.19888000E+5	-5.17393000E+5	3.20000000E+1	1.31000000E+2	1.00500000E+1	1.00500000E+1	3.18407960E+0	6.76616915E+0	1.30348259E+1
5.46900000E+3	7.90060121E+1	-5.20783000E+5	-5.18288000E+5	3.60000000E+1	1.47000000E+2	1.00520000E+1	1.00520000E+1	3.58137684E+0	6.46637485E+0	1.46239554E+1
5.46920000E+3	7.89952624E+1	-5.21676000E+5	-5.19182000E+5	3.60000000E+1	1.36000000E+2	1.00500000E+1	1.00500000E+1	3.58208955E+0	6.16915423E+0	1.35323383E+1
5.46940000E+3	7.89845237E+1	-5.22569000E+5	-5.20075000E+5	2.40000000E+1	1.25000000E+2	1.00500000E+1	1.00510000E+1	2.38782211E+0	5.17412935E+0	1.24378109E+1
5.46960000E+3	7.89737962E+1	-5.23460000E+5	-5.20967000E+5	3.70000000E+1	1.49000000E+2	1.00490000E+1	1.00490000E+1	3.68195840E+0	6.76684247E+0	1.48273460E+1
5.46980000E+3	7.89630797E+1	-5.24351000E+5	-5.21858000E+5	3.70000000E+1	1.63000000E+2	1.00490000E+1	1.00500000E+1	3.68159204E+0	7.96099114E+0	1.62205195E+1
5.47000000E+3	7.89523743E+1	-5.25240000E+5	-5.22747000E+5	2.50000000E+1	1.40000000E+2	1.00490000E+1	1.00500000E+1	2.48756219E+0	6.36879291E+0	1.39317345E+1
5.47020000E+3	7.89416798E+1	-5.26129000E+5	-5.23636000E+5	2.70000000E+1	1.11000000E+2	1.00500000E+1	1.00510000E+1	2.68629987E+0	5.07462687E+0	1.10447761E+1
5.47040000E+3	7.89309963E+1	-5.27016000E+5	-5.24524000E+5	2.40000000E+1	1.43000000E+2	1.00510000E+1	1.00520000E+1	2.38758456E+0	5.17361457E+0	1.42274401E+1
5.47060000E+3	7.89203237E+1	-5.27902000E+5	-5.25411000E+5	3.80000000E+1	1.58000000E+2	1.00500000E+1	1.00510000E+1	3.78071834E+0	8.05970149E+0	1.57213930E+1
5.47080000E+3	7.89096620E+1	-5.28788000E+5	-5.26296000E+5	3.10000000E+1	1.27000000E+2	1.00500000E+1	1.00500000E+1	3.08457711E+0	5.57213930E+0	1.26368159E+1
5.47100000E+3	7.88990112E+1	-5.29672000E+5	-5.27181000E+5	3.70000000E+1	1.43000000E+2	1.00490000E+1	1.00490000E+1	3.68195840E+0	7.76196636E+0	1.42302717E+1
5.47120000E+3	7.88883712E+1	-5.30555000E+5	-5.28064000E+5	3.20000000E+1	1.59000000E+2	1.00500000E+1	1.00500000E+1	3.18407960E+0	6.66666667E+0	1.58208955E+1
5.47140000E+3	7.88777420E+1	-5.31437000E+5	-5.28947000E+5	3.70000000E+1	1.56000000E+2	1.00500000E+1	1.00500000E+1	3.68159204E+0	8.15920398E+0	1.55223881E+1
5.47160000E+3	7.88671235E+1	-5.32318000E+5	-5.29829000E+5	2.70000000E+1	1.27000000E+2	1.00490000E+1	1.00500000E+1	2.68656716E+0	5.97074336E+0	1.26380734E+1
5.47180000E+3	7.88565158E+1	-5.33198000E+5	-5.30709000E+5	3.00000000E+1	1.57000000E+2	1.00500000E+1	1.00500000E+1	2.98507463E+0	7.56218905E+0	1.56218905E+1
5.47200000E+3	7.88459189E+1	-5.34078000E+5	-5.31588000E+5	3.10000000E+1	1.32000000E+2	1.00500000E+1	1.00510000E+1	3.08427022E+0	5.47263682E+0	1.31343284E+1
5.47220000E+3	7.88353325E+1	-5.34956000E+5	-5.32467000E+5	2.90000000E+1	1.44000000E+2	1.00500000E+1	1.00510000E+1	2.88528505E+0	6.06965174E+0	1.43283582E+1
5.47240000E+3	7.88247569E+1	-5.35833000E+5	-5.33344000E+5	4.60000000E+1	1.84000000E+2	1.00490000E+1	1.00490000E+1	4.57756991E+0	9.15513981E+0	1.83102796E+1
5.47260000E+3	7.88141918E+1	-5.36709000E+5	-5.34221000E+5	3.10000000E+1	1.45000000E+2	1.00500000E+1	1.00500000E+1	3.08457711E+0	6.16915423E+0	1.44278607E+1
5.47280000E+3	7.88036374E+1	-5.37584000E+5	-5.35096000E+5	2.30000000E+1	1.44000000E+2	1.00480000E+1	1.00490000E+1	2.28878495E+0	6.07085987E+0	1.43312102E+1
5.47300000E+3	7.87930935E+1	-5.38458000E+5	-5.35971000E+5	3.00000000E+1	1.55000000E+2	1.00480000E+1	1.00480000E+1	2.98566879E+0	6.36942675E+0	1.54259554E+1
5.47320000E+3	7.87825601E+1	-5.39331000E+5	-5.36844000E+5	3.80000000E+1	1.43000000E+2	1.00510000E+1	1.00510000E+1	3.78071834E+0	6.86498856E+0	1.42274401E+1
5.47340000E+3	7.87720372E+1	-5.40203000E+5	-5.37716000E+5	3.10000000E+1	1.38000000E+2	1.00500000E+1	1.00500000E+1	3.08457711E+0	5.97014925E+0	1.37313433E+1
5.47360000E+3	7.87615248E+1	-5.41074000E+5	-5.38588000E+5	3.40000000E+1	1.47000000E+2	1.00500000E+1	1.00510000E+1	3.38274799E+0	6.86567164E+0	1.46268657E+1
5.47380000E+3	7.87510228E+1	-5.41944000E+5	-5.39458000E+5	3.60000000E+1	1.43000000E+2	1.00500000E+1	1.00500000E+1	3.58208955E+0	7.06467662E+0	1.42288557E+1
5.47400000E+3	7.87405313E+1	-5.42813000E+5	-5.40328000E+5	4.20000000E+1	1.69000000E+2	1.00500000E+1	1.00510000E+1	4.17868869E+0	8.45771144E+0	1.68159204E+1
5.47420000E+3	7.87300501E+1	-5.43681000E+5	-5.41196000E+5	2.90000000E+1	1.32000000E+2	1.00490000E+1	1.00500000E+1	2.88557214E+0	6.16976814E+0	1.31356354E+1
5.47440000E+3	7.87195793E+1	-5.44548000E+5	-5.42063000E+5	3.50000000E+1	1.41000000E+2	1.00510000E+1	1.00510000E+1	3.48224057E+0	6.46701821E+0	1.40284549E+1
5.47460000E+3	7.87091187E+1	-5.45414000E+5	-5.42930000E+5	4.80000000E+1	1.66000000E+2	1.00500000E+1	1.00510000E+1	4.77564421E+0	7.86069652E+0	1.65174129E+1
5.47480000E+3	7.86986685E+1	-5.46279000E+5	-5.43795000E+5	2.40000000E+1	1.14000000E+2	1.00500000E+1	1.00510000E+1	2.38782211E+0	4.57711443E+0	1.13432836E+1
5.47500000E+3	7.86882286E+1	-5.47143000E+5	-5.44660000E+5	3.10000000E+1	1.38000000E+2	1.00500000E+1	1.00500000E+1	3.08457711E+0	5.97014925E+0	1.37313433E+1
5.47520000E+3	7.86777989E+1	-5.48006000E+5	-5.45523000E+5	3.00000000E+1	1.39000000E+2	1.00510000E+1	1.00520000E+1	2.98448070E+0	6.96448115E+0	1.38294697E+1
5.47540000E+3	7.86673794E+1	-5.48868000E+5	-5.46386000E+5	3.20000000E+1	1.24000000E+2	1.00490000E+1	1.00500000E+1	3.18407960E+0	5.77171858E+0	1.23395363E+1
5.47560000E+3	7.86569700E+1	-5.49729000E+5	-5.47247000E+5	2.70000000E+1	1.19000000E+2	1.00500000E+1	1.00500000E+1	2.68656716E+0	6.06965174E+0	1.18407960E+1
5.47580000E+3	7.86465709E+1	-5.50590000E+5	-5.48108000E+5	2.70000000E+1	1.37000000E+2	1.00500000E+1	1.00500000E+1	2.68656716E+0	5.67164179E+0	1.36318408E+1
5.47600000E+3	7.86361818E+1	-5.51449000E+5	-5.48967000E+5	3.30000000E+1	1.37000000E+2	1.00500000E+1	1.00500000E+1	3.28358209E+0	6.66666667E+0	1.36318408E+1
5.47620000E+3	7.86258029E+1	-5.52307000E+5	-5.49826000E+5	2.60000000E+1	1.26000000E+2	1.00510000E+1	1.00510000E+1	2.58680728E+0	5.67107750E+0	1.25360661E+1
5.47640000E+3	7.86154340E+1	-5.53164000E+5	-5.50684000E+5	4.00000000E+1	1.37000000E+2	1.00510000E+1	1.00510000E+1	3.97970351E+0	6.76549597E+0	1.36304845E+1
5.47660000E+3	7.86050752E+1	-5.54021000E+5	-5.51540000E+5	2.60000000E+1	1.15000000E+2	1.00490000E+1	1.00490000E+1	2.58732212E+0	4.97561946E+0	1.14439248E+1
5.47680000E+3	7.85947263E+1	-5.54876000E+5	-5.52396000E+5	2.30000000E+1	1.34000000E+2	1.00490000E+1	1.00500000E+1	2.28855721E+0	5.27415663E+0	1.33346602E+1
5.47700000E+3	7.85843875E+1	-5.55731000E+5	-5.53251000E+5	2.70000000E+1	1.34000000E+2	1.00490000E+1	1.00500000E+1	2.68656716E+0	5.67220619E+0	1.33346602E+1
5.47720000E+3	7.85740586E+1	-5.56584000E+5	-5.54105000E+5	1.90000000E+1	1.33000000E+2	1.00490000E+1	1.00490000E+1	1.89073540E+0	5.17464424E+0	1.32351478E+1
5.47740000E+3	7.85637397E+1	-5.57437000E+5	-5.54958000E+5	3.20000000E+1	1.40000000E+2	1.00490000E+1	1.00500000E+1	3.18407960E+0	6.36879291E+0	1.39317345E+1
5.47760000E+3	7.85534306E+1	-5.58288000E+5	-5.55810000E+5	2.90000000E+1	1.32000000E+2	1.00490000E+1	1.00500000E+1	2.88557214E+0	6.26928053E+0	1.31356354E+1
5.47780000E+3	7.85431315E+1	-5.59139000E+5	-5.56661000E+5	2.20000000E+1	1.21000000E+2	1.00500000E+1	1.00500000E+1	2.18905473E+0	5.47263682E+0	1.20398010E+1
5.47800000E+3	7.85328422E+1	-5.59988000E+5	-5.57511000E+5	2.60000000E+1	1.28000000E+2	1.00500000E+1	1.00510000E+1	2.58680728E+0	5.37313433E+0	1.27363184E+1
5.47820000E+3	7.85225627E+1	-5.60837000E+5	-5.58360000E+5	2.10000000E+1	1.29000000E+2	1.00510000E+1	1.00510000E+1	2.08934434E+0	5.67107750E+0	1.28345438E+1
5.47840000E+3	7.85122930E+1	-5.61685000E+5	-5.59208000E+5	3.20000000E+1	1.36000000E+2	1.00500000E+1	1.00500000E+1	3.18407960E+0	5.47263682E+0	1.35323383E+1
5.47860000E+3	7.85020331E+1	-5.62532000E+5	-5.60055000E+5	1.70000000E+1	1.21000000E+2	1.00500000E+1	1.00510000E+1	1.69137399E+0	4.77611940E+0	1.20398010E+1
5.47880000E+3	7.84917830E+1	-5.63378000E+5	-5.60901000E+5	2.60000000E+1	1.28000000E+2	1.00500000E+1	1.00500000E+1	2.58706468E+0	5.67164179E+0	1.27363184E+1
5.47900000E+3	7.84815426E+1	-5.64223000E+5	-5.61747000E+5	2.50000000E+1	1.25000000E+2	1.00500000E+1	1.00510000E+1	2.48731470E+0	4.97512438E+0	1.24378109E+1
5.47920000E+3	7.84713118E+1	-5.65067000E+5	-5.62591000E+5	2.20000000E+1	1.35000000E+2	1.00500000E+1	1.00500000E+1	2.18905473E+0	5.77114428E+0	1.34328358E+1
5.47940000E+3	7.84610908E+1	-5.65910000E+5	-5.63435000E+5	2.70000000E+1	1.38000000E+2	1.00510000E+1	1.00510000E+1	2.68629987E+0	5.77057009E+0	1.37299771E+1
5.47960000E+3	7.84508793E+1	-5.66752000E+5	-5.64277000E+5	1.70000000E+1	1.33000000E+2	1.00500000E+1	1.00500000E+1	1.69154229E+0	4.97512438E+0	1.32338308E+1
5.47980000E+3	7.84406775E+1	-5.67593000E+5	-5.65119000E+5	1.60000000E+1	1.28000000E+2	1.00500000E+1	1.00500000E+1	1.59203980E+0	4.57711443E+0	1.27363184E+1
5.48000000E+3	7.84304853E+1	-5.68434000E+5	-5.65960000E+5	2.00000000E+1	1.27000000E+2	1.00490000E+1	1.00490000E+1	1.99024779E+0	5.37366902E+0	1.26380734E+1
