real time (sec)   
1.050000E+0
live time (sec)   
1.050000E+0
ICR 
1.390476E+2
OCR  
1.495238E+2
0.000000E+0
	0.000000E+0
	0.000000E+0
	0.000000E+0
	0.000000E+0
	0.000000E+0
	1.100000E+1
	0.000000E+0
	0.000000E+0
	0.000000E+0
	0.000000E+0
	0.000000E+0
	0.000000E+0
	0.000000E+0
	0.000000E+0
	0.000000E+0
	0.000000E+0
	0.000000E+0
	0.000000E+0
	0.000000E+0
	0.000000E+0
	0.000000E+0
	0.000000E+0
	0.000000E+0
	0.000000E+0
	0.000000E+0
	0.000000E+0
	0.000000E+0
	0.000000E+0
	0.000000E+0
	0.000000E+0
	0.000000E+0
	0.000000E+0
	0.000000E+0
	0.000000E+0
	0.000000E+0
	0.000000E+0
	0.000000E+0
	0.000000E+0
	0.000000E+0
	0.000000E+0
	0.000000E+0
	0.000000E+0
	0.000000E+0
	0.000000E+0
	0.000000E+0
	0.000000E+0
	0.000000E+0
	0.000000E+0
	0.000000E+0
	0.000000E+0
	0.000000E+0
	0.000000E+0
	0.000000E+0
	0.000000E+0
	0.000000E+0
	0.000000E+0
	0.000000E+0
	0.000000E+0
	0.000000E+0
	0.000000E+0
	0.000000E+0
	0.000000E+0
	0.000000E+0
	0.000000E+0
	0.000000E+0
	0.000000E+0
	0.000000E+0
	0.000000E+0
	0.000000E+0
	0.000000E+0
	0.000000E+0
	0.000000E+0
	0.000000E+0
	0.000000E+0
	0.000000E+0
	0.000000E+0
	0.000000E+0
	0.000000E+0
	0.000000E+0
	0.000000E+0
	0.000000E+0
	0.000000E+0
	0.000000E+0
	0.000000E+0
	0.000000E+0
	0.000000E+0
	0.000000E+0
	0.000000E+0
	0.000000E+0
	0.000000E+0
	0.000000E+0
	0.000000E+0
	0.000000E+0
	0.000000E+0
	0.000000E+0
	0.000000E+0
	0.000000E+0
	0.000000E+0
	0.000000E+0
	0.000000E+0
	0.000000E+0
	0.000000E+0
	0.000000E+0
	0.000000E+0
	0.000000E+0
	0.000000E+0
	0.000000E+0
	0.000000E+0
	0.000000E+0
	0.000000E+0
	0.000000E+0
	1.000000E+0
	0.000000E+0
	1.000000E+0
	0.000000E+0
	0.000000E+0
	0.000000E+0
	0.000000E+0
	0.000000E+0
	0.000000E+0
	0.000000E+0
	0.000000E+0
	0.000000E+0
	0.000000E+0
	0.000000E+0
	0.000000E+0
	0.000000E+0
	0.000000E+0
	0.000000E+0
	0.000000E+0
	0.000000E+0
	0.000000E+0
	0.000000E+0
	0.000000E+0
	0.000000E+0
	0.000000E+0
	0.000000E+0
	0.000000E+0
	0.000000E+0
	0.000000E+0
	0.000000E+0
	0.000000E+0
	0.000000E+0
	0.000000E+0
	0.000000E+0
	0.000000E+0
	0.000000E+0
	0.000000E+0
	0.000000E+0
	0.000000E+0
	0.000000E+0
	0.000000E+0
	0.000000E+0
	0.000000E+0
	0.000000E+0
	1.000000E+0
	0.000000E+0
	2.000000E+0
	5.000000E+0
	1.000000E+1
	1.800000E+1
	3.800000E+1
	2.400000E+1
	2.200000E+1
	1.400000E+1
	6.000000E+0
	0.000000E+0
	0.000000E+0
	0.000000E+0
	0.000000E+0
	0.000000E+0
	0.000000E+0
	0.000000E+0
	0.000000E+0
	0.000000E+0
	0.000000E+0
	0.000000E+0
	0.000000E+0
	0.000000E+0
	0.000000E+0
	0.000000E+0
	0.000000E+0
	0.000000E+0
	0.000000E+0
	0.000000E+0
	0.000000E+0
	0.000000E+0
	0.000000E+0
	0.000000E+0
	0.000000E+0
	0.000000E+0
	0.000000E+0
	0.000000E+0
	0.000000E+0
	0.000000E+0
	0.000000E+0
	0.000000E+0
	0.000000E+0
	0.000000E+0
	0.000000E+0
	0.000000E+0
	0.000000E+0
	0.000000E+0
	0.000000E+0
	0.000000E+0
	0.000000E+0
	0.000000E+0
	0.000000E+0
	0.000000E+0
	0.000000E+0
	0.000000E+0
	0.000000E+0
	0.000000E+0
	0.000000E+0
	1.000000E+0
	0.000000E+0
	0.000000E+0
	0.000000E+0
	0.000000E+0
	0.000000E+0
	0.000000E+0
	0.000000E+0
	0.000000E+0
	0.000000E+0
	0.000000E+0
	0.000000E+0
	0.000000E+0
	0.000000E+0
	0.000000E+0
	0.000000E+0
	0.000000E+0
	0.000000E+0
	0.000000E+0
	0.000000E+0
	0.000000E+0
	0.000000E+0
	0.000000E+0
	0.000000E+0
	0.000000E+0
	0.000000E+0
	0.000000E+0
	0.000000E+0
	0.000000E+0
	0.000000E+0
	0.000000E+0
	0.000000E+0
	0.000000E+0
	0.000000E+0
	0.000000E+0
	0.000000E+0
	0.000000E+0
	0.000000E+0
	0.000000E+0
	0.000000E+0
	0.000000E+0
	0.000000E+0
	0.000000E+0
	0.000000E+0
	0.000000E+0
	0.000000E+0
	0.000000E+0
	0.000000E+0
	0.000000E+0
	0.000000E+0
	0.000000E+0
	0.000000E+0
	0.000000E+0
	0.000000E+0
	0.000000E+0
	1.000000E+0
	0.000000E+0
	0.000000E+0
	0.000000E+0
	0.000000E+0
	0.000000E+0
	0.000000E+0
	0.000000E+0
	0.000000E+0
	0.000000E+0
	0.000000E+0
	0.000000E+0
	0.000000E+0
	0.000000E+0
	0.000000E+0
	0.000000E+0
	0.000000E+0
	0.000000E+0
	0.000000E+0
	0.000000E+0
	0.000000E+0
	0.000000E+0
	0.000000E+0
	0.000000E+0
	0.000000E+0
	0.000000E+0
	0.000000E+0
	0.000000E+0
	0.000000E+0
	0.000000E+0
	0.000000E+0
	0.000000E+0
	0.000000E+0
	0.000000E+0
	0.000000E+0
	0.000000E+0
	0.000000E+0
	0.000000E+0
	0.000000E+0
	0.000000E+0
	0.000000E+0
	0.000000E+0
	0.000000E+0
	0.000000E+0
	0.000000E+0
	0.000000E+0
	0.000000E+0
	0.000000E+0
	0.000000E+0
	0.000000E+0
	0.000000E+0
	0.000000E+0
	0.000000E+0
	0.000000E+0
	0.000000E+0
	0.000000E+0
	0.000000E+0
	0.000000E+0
	0.000000E+0
	0.000000E+0
	0.000000E+0
	0.000000E+0
	0.000000E+0
	0.000000E+0
	0.000000E+0
	0.000000E+0
	0.000000E+0
	0.000000E+0
	0.000000E+0
	0.000000E+0
	0.000000E+0
	0.000000E+0
	0.000000E+0
	0.000000E+0
	0.000000E+0
	0.000000E+0
	0.000000E+0
	0.000000E+0
	0.000000E+0
	0.000000E+0
	0.000000E+0
	0.000000E+0
	0.000000E+0
	0.000000E+0
	0.000000E+0
	0.000000E+0
	0.000000E+0
	0.000000E+0
	0.000000E+0
	0.000000E+0
	0.000000E+0
	0.000000E+0
	0.000000E+0
	0.000000E+0
	0.000000E+0
	0.000000E+0
	0.000000E+0
	0.000000E+0
	0.000000E+0
	0.000000E+0
	0.000000E+0
	0.000000E+0
	0.000000E+0
	0.000000E+0
	0.000000E+0
	0.000000E+0
	0.000000E+0
	0.000000E+0
	0.000000E+0
	0.000000E+0
	0.000000E+0
	0.000000E+0
	0.000000E+0
	0.000000E+0
	0.000000E+0
	0.000000E+0
	0.000000E+0
	0.000000E+0
	0.000000E+0
	0.000000E+0
	0.000000E+0
	0.000000E+0
	0.000000E+0
	0.000000E+0
	0.000000E+0
	0.000000E+0
	0.000000E+0
	0.000000E+0
	0.000000E+0
	0.000000E+0
	0.000000E+0
	0.000000E+0
	0.000000E+0
	0.000000E+0
	0.000000E+0
	0.000000E+0
	0.000000E+0
	0.000000E+0
	0.000000E+0
	0.000000E+0
	0.000000E+0
	0.000000E+0
	0.000000E+0
	0.000000E+0
	0.000000E+0
	0.000000E+0
	0.000000E+0
	0.000000E+0
	0.000000E+0
	0.000000E+0
	0.000000E+0
	0.000000E+0
	0.000000E+0
	0.000000E+0
	0.000000E+0
	0.000000E+0
	0.000000E+0
	0.000000E+0
	0.000000E+0
	0.000000E+0
	1.000000E+0
	0.000000E+0
	0.000000E+0
	0.000000E+0
	0.000000E+0
	0.000000E+0
	0.000000E+0
	0.000000E+0
	0.000000E+0
	0.000000E+0
	0.000000E+0
	0.000000E+0
	0.000000E+0
	0.000000E+0
	0.000000E+0
	0.000000E+0
	0.000000E+0
	0.000000E+0
	0.000000E+0
	0.000000E+0
	0.000000E+0
	0.000000E+0
	0.000000E+0
	0.000000E+0
	0.000000E+0
	0.000000E+0
	0.000000E+0
	0.000000E+0
	0.000000E+0
	0.000000E+0
	0.000000E+0
	0.000000E+0
	0.000000E+0
	0.000000E+0
	0.000000E+0
	0.000000E+0
	0.000000E+0
	0.000000E+0
	0.000000E+0
	0.000000E+0
	0.000000E+0
	0.000000E+0
	0.000000E+0
	0.000000E+0
	0.000000E+0
	0.000000E+0
	0.000000E+0
	0.000000E+0
	0.000000E+0
	0.000000E+0
	0.000000E+0
	0.000000E+0
	0.000000E+0
	0.000000E+0
	0.000000E+0
	0.000000E+0
	0.000000E+0
	0.000000E+0
	0.000000E+0
	0.000000E+0
	0.000000E+0
	0.000000E+0
	0.000000E+0
	0.000000E+0
	0.000000E+0
	0.000000E+0
	0.000000E+0
	0.000000E+0
	0.000000E+0
	0.000000E+0
	0.000000E+0
	0.000000E+0
	0.000000E+0
	0.000000E+0
	0.000000E+0
	0.000000E+0
	0.000000E+0
	0.000000E+0
	0.000000E+0
	0.000000E+0
	0.000000E+0
	0.000000E+0
	0.000000E+0
	0.000000E+0
	0.000000E+0
	0.000000E+0
	0.000000E+0
	0.000000E+0
	0.000000E+0
	0.000000E+0
	0.000000E+0
	0.000000E+0
	0.000000E+0
	0.000000E+0
	0.000000E+0
	0.000000E+0
	0.000000E+0
	0.000000E+0
	0.000000E+0
	0.000000E+0
	0.000000E+0
	0.000000E+0
	0.000000E+0
	0.000000E+0
	0.000000E+0
	0.000000E+0
	0.000000E+0
	0.000000E+0
	0.000000E+0
	0.000000E+0
	0.000000E+0
	0.000000E+0
	0.000000E+0
	0.000000E+0
	0.000000E+0
	0.000000E+0
	0.000000E+0
	0.000000E+0
	0.000000E+0
	0.000000E+0
	0.000000E+0
	0.000000E+0
	0.000000E+0
	0.000000E+0
	0.000000E+0
	0.000000E+0
	0.000000E+0
	0.000000E+0
	0.000000E+0
	0.000000E+0
	0.000000E+0
	0.000000E+0
	0.000000E+0
	0.000000E+0
	0.000000E+0
	0.000000E+0
	0.000000E+0
	0.000000E+0
	0.000000E+0
	0.000000E+0
	0.000000E+0
	0.000000E+0
	0.000000E+0
	0.000000E+0
	0.000000E+0
	0.000000E+0
	0.000000E+0
	0.000000E+0
	0.000000E+0
	0.000000E+0
	0.000000E+0
	0.000000E+0
	0.000000E+0
	0.000000E+0
	0.000000E+0
	0.000000E+0
	0.000000E+0
	0.000000E+0
	0.000000E+0
	0.000000E+0
	0.000000E+0
	0.000000E+0
	0.000000E+0
	0.000000E+0
	0.000000E+0
	0.000000E+0
	0.000000E+0
	0.000000E+0
	0.000000E+0
	0.000000E+0
	0.000000E+0
	0.000000E+0
	0.000000E+0
	0.000000E+0
	0.000000E+0
	0.000000E+0
	0.000000E+0
	0.000000E+0
	0.000000E+0
	0.000000E+0
	0.000000E+0
	0.000000E+0
	0.000000E+0
	0.000000E+0
	0.000000E+0
	0.000000E+0
	0.000000E+0
	0.000000E+0
	0.000000E+0
	0.000000E+0
	0.000000E+0
	0.000000E+0
	0.000000E+0
	0.000000E+0
	0.000000E+0
	0.000000E+0
	0.000000E+0
	0.000000E+0
	0.000000E+0
	0.000000E+0
	0.000000E+0
	0.000000E+0
	0.000000E+0
	0.000000E+0
	0.000000E+0
	0.000000E+0
	0.000000E+0
	0.000000E+0
	0.000000E+0
	0.000000E+0
	0.000000E+0
	0.000000E+0
	0.000000E+0
	0.000000E+0
	0.000000E+0
	1.000000E+0
	0.000000E+0
	0.000000E+0
	0.000000E+0
	0.000000E+0
	0.000000E+0
	0.000000E+0
	0.000000E+0
	0.000000E+0
	0.000000E+0
	0.000000E+0
	0.000000E+0
	0.000000E+0
	0.000000E+0
	0.000000E+0
	0.000000E+0
	0.000000E+0
	0.000000E+0
	0.000000E+0
	0.000000E+0
	0.000000E+0
	0.000000E+0
	0.000000E+0
	0.000000E+0
	0.000000E+0
	0.000000E+0
	0.000000E+0
	0.000000E+0
	0.000000E+0
	0.000000E+0
	0.000000E+0
	0.000000E+0
	0.000000E+0
	0.000000E+0
	0.000000E+0
	0.000000E+0
	0.000000E+0
	0.000000E+0
	0.000000E+0
	0.000000E+0
	0.000000E+0
	0.000000E+0
	0.000000E+0
	0.000000E+0
	0.000000E+0
	0.000000E+0
	0.000000E+0
	0.000000E+0
	0.000000E+0
	0.000000E+0
	0.000000E+0
	0.000000E+0
	0.000000E+0
	0.000000E+0
	0.000000E+0
	0.000000E+0
	0.000000E+0
	0.000000E+0
	0.000000E+0
	0.000000E+0
	0.000000E+0
	0.000000E+0
	0.000000E+0
	0.000000E+0
	0.000000E+0
	0.000000E+0
	0.000000E+0
	0.000000E+0
	0.000000E+0
	0.000000E+0
	0.000000E+0
	0.000000E+0
	0.000000E+0
	0.000000E+0
	0.000000E+0
	0.000000E+0
	0.000000E+0
	0.000000E+0
	0.000000E+0
	0.000000E+0
	0.000000E+0
	0.000000E+0
	0.000000E+0
	0.000000E+0
	0.000000E+0
	0.000000E+0
	0.000000E+0
	0.000000E+0
	0.000000E+0
	0.000000E+0
	0.000000E+0
	0.000000E+0
	0.000000E+0
	0.000000E+0
	0.000000E+0
	0.000000E+0
	0.000000E+0
	0.000000E+0
	0.000000E+0
	0.000000E+0
	0.000000E+0
	0.000000E+0
	0.000000E+0
	0.000000E+0
	0.000000E+0
	0.000000E+0
	0.000000E+0
	0.000000E+0
	0.000000E+0
	0.000000E+0
	0.000000E+0
	0.000000E+0
	0.000000E+0
	0.000000E+0
	0.000000E+0
	0.000000E+0
	0.000000E+0
	0.000000E+0
	0.000000E+0
	0.000000E+0
	0.000000E+0
	0.000000E+0
	0.000000E+0
	0.000000E+0
	0.000000E+0
	0.000000E+0
	0.000000E+0
	0.000000E+0
	0.000000E+0
	0.000000E+0
	0.000000E+0
	0.000000E+0
	0.000000E+0
	0.000000E+0
	0.000000E+0
	0.000000E+0
	0.000000E+0
	0.000000E+0
	0.000000E+0
	0.000000E+0
	0.000000E+0
	0.000000E+0
	0.000000E+0
	0.000000E+0
	0.000000E+0
	0.000000E+0
	0.000000E+0
	0.000000E+0
	0.000000E+0
	0.000000E+0
	0.000000E+0
	0.000000E+0
	0.000000E+0
	0.000000E+0
	0.000000E+0
	0.000000E+0
	0.000000E+0
	0.000000E+0
	0.000000E+0
	0.000000E+0
	0.000000E+0
	0.000000E+0
	0.000000E+0
	0.000000E+0
	0.000000E+0
	0.000000E+0
	0.000000E+0
	0.000000E+0
	0.000000E+0
	0.000000E+0
	0.000000E+0
	0.000000E+0
	0.000000E+0
	0.000000E+0
	0.000000E+0
	0.000000E+0
	0.000000E+0
	0.000000E+0
	0.000000E+0
	0.000000E+0
	0.000000E+0
	0.000000E+0
	0.000000E+0
	0.000000E+0
	0.000000E+0
	0.000000E+0
	0.000000E+0
	0.000000E+0
	0.000000E+0
	0.000000E+0
	0.000000E+0
	0.000000E+0
	0.000000E+0
	0.000000E+0
	0.000000E+0
	0.000000E+0
	0.000000E+0
	0.000000E+0
	0.000000E+0
	0.000000E+0
	0.000000E+0
	0.000000E+0
	0.000000E+0
	0.000000E+0
	0.000000E+0
	0.000000E+0
	0.000000E+0
	0.000000E+0
	0.000000E+0
	0.000000E+0
	0.000000E+0
	0.000000E+0
	0.000000E+0
	0.000000E+0
	0.000000E+0
	0.000000E+0
	0.000000E+0
	0.000000E+0
	0.000000E+0
	0.000000E+0
	0.000000E+0
	0.000000E+0
	0.000000E+0
	0.000000E+0
	0.000000E+0
	0.000000E+0
	0.000000E+0
	0.000000E+0
	0.000000E+0
	0.000000E+0
	0.000000E+0
	0.000000E+0
	0.000000E+0
	0.000000E+0
	0.000000E+0
	0.000000E+0
	0.000000E+0
	0.000000E+0
	0.000000E+0
	0.000000E+0
	0.000000E+0
	0.000000E+0
	0.000000E+0
	0.000000E+0
	0.000000E+0
	0.000000E+0
	0.000000E+0
	0.000000E+0
	0.000000E+0
	0.000000E+0
	0.000000E+0
	0.000000E+0
	0.000000E+0
	0.000000E+0
	0.000000E+0
	0.000000E+0
	0.000000E+0
	0.000000E+0
	0.000000E+0
	0.000000E+0
	0.000000E+0
	0.000000E+0
	0.000000E+0
	0.000000E+0
	0.000000E+0
	0.000000E+0
	0.000000E+0
	0.000000E+0
	0.000000E+0
	0.000000E+0
	0.000000E+0
	0.000000E+0
	0.000000E+0
	0.000000E+0
	0.000000E+0
	0.000000E+0
	0.000000E+0
	0.000000E+0
	0.000000E+0
	0.000000E+0
	0.000000E+0
	0.000000E+0
	0.000000E+0
	0.000000E+0
	0.000000E+0
	0.000000E+0
	0.000000E+0
	0.000000E+0
	0.000000E+0
	0.000000E+0
	0.000000E+0
	0.000000E+0
	0.000000E+0
	0.000000E+0
	0.000000E+0
	0.000000E+0
	0.000000E+0
	0.000000E+0
	0.000000E+0
	0.000000E+0
	0.000000E+0
	0.000000E+0
	0.000000E+0
	0.000000E+0
	0.000000E+0
	0.000000E+0
	0.000000E+0
	0.000000E+0
	0.000000E+0
	0.000000E+0
	0.000000E+0
	0.000000E+0
	0.000000E+0
	0.000000E+0
	0.000000E+0
	0.000000E+0
	0.000000E+0
	0.000000E+0
	0.000000E+0
	0.000000E+0
	0.000000E+0
	0.000000E+0
	0.000000E+0
	0.000000E+0
	0.000000E+0
	0.000000E+0
	0.000000E+0
	0.000000E+0
	0.000000E+0
	0.000000E+0
	0.000000E+0
	0.000000E+0
	0.000000E+0
	0.000000E+0
	0.000000E+0
	0.000000E+0
	0.000000E+0
	0.000000E+0
	0.000000E+0
	0.000000E+0
	0.000000E+0
	0.000000E+0
	0.000000E+0
	0.000000E+0
	0.000000E+0
	0.000000E+0
	0.000000E+0
	0.000000E+0
	0.000000E+0
	0.000000E+0
	0.000000E+0
	0.000000E+0
	0.000000E+0
	0.000000E+0
	0.000000E+0
	0.000000E+0
	0.000000E+0
	0.000000E+0
	0.000000E+0
	0.000000E+0
	0.000000E+0
	0.000000E+0
	0.000000E+0
	0.000000E+0
	0.000000E+0
	0.000000E+0
	0.000000E+0
	0.000000E+0
	0.000000E+0
	0.000000E+0
	0.000000E+0
	0.000000E+0
	0.000000E+0
	0.000000E+0
	0.000000E+0
	0.000000E+0
	0.000000E+0
	0.000000E+0
	0.000000E+0

