real time (sec)   
1.505100E+1
live time (sec)   
1.505000E+1
ICR 
9.919607E+1
OCR  
1.072354E+2
0.000000E+0
	0.000000E+0
	0.000000E+0
	0.000000E+0
	0.000000E+0
	0.000000E+0
	1.160000E+2
	3.000000E+0
	0.000000E+0
	0.000000E+0
	0.000000E+0
	0.000000E+0
	0.000000E+0
	0.000000E+0
	0.000000E+0
	0.000000E+0
	0.000000E+0
	0.000000E+0
	1.000000E+0
	0.000000E+0
	0.000000E+0
	0.000000E+0
	0.000000E+0
	0.000000E+0
	0.000000E+0
	0.000000E+0
	0.000000E+0
	0.000000E+0
	0.000000E+0
	0.000000E+0
	1.000000E+0
	0.000000E+0
	0.000000E+0
	0.000000E+0
	0.000000E+0
	0.000000E+0
	0.000000E+0
	0.000000E+0
	0.000000E+0
	0.000000E+0
	0.000000E+0
	0.000000E+0
	0.000000E+0
	0.000000E+0
	0.000000E+0
	0.000000E+0
	1.000000E+0
	0.000000E+0
	0.000000E+0
	0.000000E+0
	0.000000E+0
	0.000000E+0
	0.000000E+0
	0.000000E+0
	0.000000E+0
	0.000000E+0
	1.000000E+0
	0.000000E+0
	0.000000E+0
	0.000000E+0
	0.000000E+0
	0.000000E+0
	0.000000E+0
	0.000000E+0
	0.000000E+0
	0.000000E+0
	0.000000E+0
	0.000000E+0
	0.000000E+0
	0.000000E+0
	0.000000E+0
	0.000000E+0
	0.000000E+0
	0.000000E+0
	0.000000E+0
	0.000000E+0
	0.000000E+0
	0.000000E+0
	0.000000E+0
	1.000000E+0
	0.000000E+0
	0.000000E+0
	0.000000E+0
	0.000000E+0
	0.000000E+0
	0.000000E+0
	1.000000E+0
	1.000000E+0
	0.000000E+0
	0.000000E+0
	0.000000E+0
	0.000000E+0
	0.000000E+0
	0.000000E+0
	0.000000E+0
	0.000000E+0
	0.000000E+0
	0.000000E+0
	0.000000E+0
	0.000000E+0
	0.000000E+0
	0.000000E+0
	0.000000E+0
	0.000000E+0
	0.000000E+0
	0.000000E+0
	0.000000E+0
	0.000000E+0
	0.000000E+0
	1.000000E+0
	0.000000E+0
	0.000000E+0
	0.000000E+0
	0.000000E+0
	0.000000E+0
	3.000000E+0
	1.000000E+0
	0.000000E+0
	1.000000E+0
	0.000000E+0
	0.000000E+0
	0.000000E+0
	0.000000E+0
	0.000000E+0
	0.000000E+0
	0.000000E+0
	0.000000E+0
	0.000000E+0
	1.000000E+0
	0.000000E+0
	0.000000E+0
	1.000000E+0
	0.000000E+0
	0.000000E+0
	0.000000E+0
	1.000000E+0
	0.000000E+0
	0.000000E+0
	0.000000E+0
	0.000000E+0
	0.000000E+0
	0.000000E+0
	1.000000E+0
	0.000000E+0
	0.000000E+0
	0.000000E+0
	0.000000E+0
	1.000000E+0
	1.000000E+0
	0.000000E+0
	1.000000E+0
	0.000000E+0
	0.000000E+0
	0.000000E+0
	1.000000E+0
	1.000000E+0
	1.000000E+0
	2.000000E+0
	4.000000E+0
	1.600000E+1
	7.900000E+1
	1.530000E+2
	2.630000E+2
	3.400000E+2
	2.950000E+2
	1.630000E+2
	9.300000E+1
	2.800000E+1
	1.000000E+1
	0.000000E+0
	0.000000E+0
	0.000000E+0
	0.000000E+0
	0.000000E+0
	0.000000E+0
	0.000000E+0
	0.000000E+0
	0.000000E+0
	0.000000E+0
	0.000000E+0
	0.000000E+0
	0.000000E+0
	0.000000E+0
	0.000000E+0
	0.000000E+0
	0.000000E+0
	0.000000E+0
	0.000000E+0
	0.000000E+0
	0.000000E+0
	0.000000E+0
	0.000000E+0
	0.000000E+0
	0.000000E+0
	0.000000E+0
	0.000000E+0
	0.000000E+0
	0.000000E+0
	0.000000E+0
	0.000000E+0
	0.000000E+0
	0.000000E+0
	0.000000E+0
	0.000000E+0
	0.000000E+0
	0.000000E+0
	0.000000E+0
	0.000000E+0
	0.000000E+0
	0.000000E+0
	0.000000E+0
	0.000000E+0
	0.000000E+0
	0.000000E+0
	1.000000E+0
	0.000000E+0
	2.000000E+0
	3.000000E+0
	0.000000E+0
	1.000000E+0
	1.000000E+0
	0.000000E+0
	0.000000E+0
	0.000000E+0
	0.000000E+0
	0.000000E+0
	0.000000E+0
	0.000000E+0
	0.000000E+0
	0.000000E+0
	0.000000E+0
	0.000000E+0
	0.000000E+0
	0.000000E+0
	0.000000E+0
	0.000000E+0
	0.000000E+0
	0.000000E+0
	0.000000E+0
	0.000000E+0
	0.000000E+0
	0.000000E+0
	0.000000E+0
	0.000000E+0
	0.000000E+0
	0.000000E+0
	0.000000E+0
	0.000000E+0
	0.000000E+0
	0.000000E+0
	0.000000E+0
	0.000000E+0
	0.000000E+0
	0.000000E+0
	0.000000E+0
	0.000000E+0
	0.000000E+0
	0.000000E+0
	0.000000E+0
	0.000000E+0
	0.000000E+0
	0.000000E+0
	0.000000E+0
	0.000000E+0
	0.000000E+0
	0.000000E+0
	0.000000E+0
	0.000000E+0
	0.000000E+0
	0.000000E+0
	1.000000E+0
	1.000000E+0
	1.000000E+0
	0.000000E+0
	1.000000E+0
	0.000000E+0
	0.000000E+0
	0.000000E+0
	0.000000E+0
	0.000000E+0
	0.000000E+0
	0.000000E+0
	0.000000E+0
	0.000000E+0
	0.000000E+0
	0.000000E+0
	0.000000E+0
	0.000000E+0
	0.000000E+0
	0.000000E+0
	0.000000E+0
	0.000000E+0
	0.000000E+0
	0.000000E+0
	0.000000E+0
	0.000000E+0
	0.000000E+0
	0.000000E+0
	0.000000E+0
	0.000000E+0
	0.000000E+0
	1.000000E+0
	0.000000E+0
	0.000000E+0
	0.000000E+0
	0.000000E+0
	0.000000E+0
	0.000000E+0
	0.000000E+0
	0.000000E+0
	0.000000E+0
	0.000000E+0
	0.000000E+0
	0.000000E+0
	0.000000E+0
	0.000000E+0
	0.000000E+0
	0.000000E+0
	0.000000E+0
	0.000000E+0
	0.000000E+0
	0.000000E+0
	0.000000E+0
	0.000000E+0
	0.000000E+0
	0.000000E+0
	0.000000E+0
	0.000000E+0
	0.000000E+0
	0.000000E+0
	0.000000E+0
	0.000000E+0
	0.000000E+0
	0.000000E+0
	0.000000E+0
	0.000000E+0
	0.000000E+0
	0.000000E+0
	0.000000E+0
	0.000000E+0
	0.000000E+0
	1.000000E+0
	0.000000E+0
	0.000000E+0
	0.000000E+0
	0.000000E+0
	0.000000E+0
	1.000000E+0
	0.000000E+0
	0.000000E+0
	0.000000E+0
	0.000000E+0
	0.000000E+0
	0.000000E+0
	0.000000E+0
	0.000000E+0
	0.000000E+0
	0.000000E+0
	0.000000E+0
	0.000000E+0
	0.000000E+0
	0.000000E+0
	0.000000E+0
	0.000000E+0
	0.000000E+0
	0.000000E+0
	0.000000E+0
	0.000000E+0
	0.000000E+0
	0.000000E+0
	0.000000E+0
	0.000000E+0
	0.000000E+0
	0.000000E+0
	0.000000E+0
	0.000000E+0
	0.000000E+0
	0.000000E+0
	1.000000E+0
	2.000000E+0
	0.000000E+0
	0.000000E+0
	0.000000E+0
	0.000000E+0
	0.000000E+0
	0.000000E+0
	0.000000E+0
	0.000000E+0
	0.000000E+0
	0.000000E+0
	0.000000E+0
	0.000000E+0
	0.000000E+0
	0.000000E+0
	0.000000E+0
	0.000000E+0
	0.000000E+0
	0.000000E+0
	0.000000E+0
	0.000000E+0
	0.000000E+0
	0.000000E+0
	0.000000E+0
	0.000000E+0
	0.000000E+0
	0.000000E+0
	0.000000E+0
	0.000000E+0
	0.000000E+0
	0.000000E+0
	0.000000E+0
	0.000000E+0
	0.000000E+0
	0.000000E+0
	0.000000E+0
	0.000000E+0
	0.000000E+0
	0.000000E+0
	0.000000E+0
	0.000000E+0
	0.000000E+0
	0.000000E+0
	0.000000E+0
	0.000000E+0
	0.000000E+0
	0.000000E+0
	0.000000E+0
	0.000000E+0
	0.000000E+0
	0.000000E+0
	1.000000E+0
	0.000000E+0
	2.000000E+0
	0.000000E+0
	0.000000E+0
	0.000000E+0
	0.000000E+0
	0.000000E+0
	0.000000E+0
	0.000000E+0
	0.000000E+0
	0.000000E+0
	0.000000E+0
	0.000000E+0
	0.000000E+0
	0.000000E+0
	0.000000E+0
	0.000000E+0
	0.000000E+0
	0.000000E+0
	0.000000E+0
	0.000000E+0
	0.000000E+0
	0.000000E+0
	1.000000E+0
	0.000000E+0
	0.000000E+0
	0.000000E+0
	0.000000E+0
	0.000000E+0
	0.000000E+0
	0.000000E+0
	0.000000E+0
	0.000000E+0
	0.000000E+0
	0.000000E+0
	0.000000E+0
	0.000000E+0
	0.000000E+0
	0.000000E+0
	0.000000E+0
	0.000000E+0
	0.000000E+0
	0.000000E+0
	0.000000E+0
	0.000000E+0
	0.000000E+0
	0.000000E+0
	0.000000E+0
	0.000000E+0
	0.000000E+0
	0.000000E+0
	0.000000E+0
	0.000000E+0
	0.000000E+0
	0.000000E+0
	0.000000E+0
	0.000000E+0
	0.000000E+0
	0.000000E+0
	0.000000E+0
	0.000000E+0
	0.000000E+0
	0.000000E+0
	0.000000E+0
	0.000000E+0
	0.000000E+0
	0.000000E+0
	0.000000E+0
	0.000000E+0
	0.000000E+0
	0.000000E+0
	0.000000E+0
	1.000000E+0
	0.000000E+0
	0.000000E+0
	1.000000E+0
	0.000000E+0
	0.000000E+0
	0.000000E+0
	0.000000E+0
	0.000000E+0
	0.000000E+0
	0.000000E+0
	0.000000E+0
	0.000000E+0
	0.000000E+0
	0.000000E+0
	0.000000E+0
	0.000000E+0
	0.000000E+0
	0.000000E+0
	1.000000E+0
	0.000000E+0
	0.000000E+0
	0.000000E+0
	0.000000E+0
	1.000000E+0
	0.000000E+0
	0.000000E+0
	0.000000E+0
	0.000000E+0
	0.000000E+0
	0.000000E+0
	0.000000E+0
	0.000000E+0
	0.000000E+0
	0.000000E+0
	0.000000E+0
	0.000000E+0
	0.000000E+0
	0.000000E+0
	0.000000E+0
	0.000000E+0
	0.000000E+0
	0.000000E+0
	0.000000E+0
	0.000000E+0
	0.000000E+0
	0.000000E+0
	0.000000E+0
	0.000000E+0
	0.000000E+0
	0.000000E+0
	0.000000E+0
	0.000000E+0
	0.000000E+0
	0.000000E+0
	0.000000E+0
	0.000000E+0
	0.000000E+0
	0.000000E+0
	0.000000E+0
	0.000000E+0
	0.000000E+0
	0.000000E+0
	0.000000E+0
	0.000000E+0
	0.000000E+0
	0.000000E+0
	0.000000E+0
	0.000000E+0
	0.000000E+0
	0.000000E+0
	0.000000E+0
	0.000000E+0
	0.000000E+0
	0.000000E+0
	0.000000E+0
	0.000000E+0
	0.000000E+0
	0.000000E+0
	0.000000E+0
	0.000000E+0
	0.000000E+0
	0.000000E+0
	0.000000E+0
	0.000000E+0
	0.000000E+0
	0.000000E+0
	0.000000E+0
	0.000000E+0
	0.000000E+0
	0.000000E+0
	0.000000E+0
	0.000000E+0
	0.000000E+0
	0.000000E+0
	0.000000E+0
	0.000000E+0
	0.000000E+0
	0.000000E+0
	0.000000E+0
	0.000000E+0
	0.000000E+0
	0.000000E+0
	0.000000E+0
	0.000000E+0
	0.000000E+0
	0.000000E+0
	0.000000E+0
	0.000000E+0
	0.000000E+0
	0.000000E+0
	0.000000E+0
	0.000000E+0
	0.000000E+0
	0.000000E+0
	0.000000E+0
	0.000000E+0
	0.000000E+0
	0.000000E+0
	0.000000E+0
	0.000000E+0
	0.000000E+0
	0.000000E+0
	0.000000E+0
	0.000000E+0
	0.000000E+0
	0.000000E+0
	0.000000E+0
	0.000000E+0
	0.000000E+0
	0.000000E+0
	0.000000E+0
	0.000000E+0
	0.000000E+0
	0.000000E+0
	0.000000E+0
	0.000000E+0
	0.000000E+0
	0.000000E+0
	0.000000E+0
	0.000000E+0
	0.000000E+0
	0.000000E+0
	0.000000E+0
	0.000000E+0
	0.000000E+0
	0.000000E+0
	0.000000E+0
	0.000000E+0
	0.000000E+0
	0.000000E+0
	0.000000E+0
	0.000000E+0
	0.000000E+0
	0.000000E+0
	0.000000E+0
	0.000000E+0
	0.000000E+0
	0.000000E+0
	0.000000E+0
	0.000000E+0
	0.000000E+0
	0.000000E+0
	0.000000E+0
	0.000000E+0
	0.000000E+0
	0.000000E+0
	0.000000E+0
	0.000000E+0
	0.000000E+0
	0.000000E+0
	0.000000E+0
	0.000000E+0
	0.000000E+0
	0.000000E+0
	0.000000E+0
	0.000000E+0
	0.000000E+0
	0.000000E+0
	0.000000E+0
	0.000000E+0
	0.000000E+0
	0.000000E+0
	0.000000E+0
	0.000000E+0
	0.000000E+0
	0.000000E+0
	0.000000E+0
	0.000000E+0
	0.000000E+0
	0.000000E+0
	0.000000E+0
	0.000000E+0
	0.000000E+0
	0.000000E+0
	0.000000E+0
	0.000000E+0
	0.000000E+0
	0.000000E+0
	0.000000E+0
	0.000000E+0
	0.000000E+0
	0.000000E+0
	0.000000E+0
	0.000000E+0
	0.000000E+0
	0.000000E+0
	0.000000E+0
	0.000000E+0
	0.000000E+0
	0.000000E+0
	0.000000E+0
	0.000000E+0
	0.000000E+0
	0.000000E+0
	0.000000E+0
	0.000000E+0
	0.000000E+0
	0.000000E+0
	0.000000E+0
	0.000000E+0
	0.000000E+0
	0.000000E+0
	0.000000E+0
	0.000000E+0
	0.000000E+0
	0.000000E+0
	0.000000E+0
	0.000000E+0
	0.000000E+0
	0.000000E+0
	0.000000E+0
	0.000000E+0
	0.000000E+0
	0.000000E+0
	0.000000E+0
	0.000000E+0
	0.000000E+0
	0.000000E+0
	0.000000E+0
	0.000000E+0
	0.000000E+0
	0.000000E+0
	0.000000E+0
	0.000000E+0
	0.000000E+0
	0.000000E+0
	0.000000E+0
	0.000000E+0
	0.000000E+0
	0.000000E+0
	0.000000E+0
	0.000000E+0
	0.000000E+0
	0.000000E+0
	0.000000E+0
	0.000000E+0
	0.000000E+0
	0.000000E+0
	0.000000E+0
	0.000000E+0
	0.000000E+0
	0.000000E+0
	0.000000E+0
	0.000000E+0
	0.000000E+0
	0.000000E+0
	0.000000E+0
	0.000000E+0
	0.000000E+0
	0.000000E+0
	0.000000E+0
	0.000000E+0
	0.000000E+0
	0.000000E+0
	0.000000E+0
	0.000000E+0
	0.000000E+0
	0.000000E+0
	0.000000E+0
	0.000000E+0
	0.000000E+0
	0.000000E+0
	0.000000E+0
	0.000000E+0
	0.000000E+0
	0.000000E+0
	0.000000E+0
	0.000000E+0
	0.000000E+0
	0.000000E+0
	0.000000E+0
	0.000000E+0
	0.000000E+0
	0.000000E+0
	0.000000E+0
	0.000000E+0
	0.000000E+0
	0.000000E+0
	0.000000E+0
	0.000000E+0
	0.000000E+0
	0.000000E+0
	0.000000E+0
	0.000000E+0
	0.000000E+0
	0.000000E+0
	0.000000E+0
	0.000000E+0
	0.000000E+0
	0.000000E+0
	0.000000E+0
	0.000000E+0
	0.000000E+0
	0.000000E+0
	0.000000E+0
	0.000000E+0
	0.000000E+0
	0.000000E+0
	0.000000E+0
	0.000000E+0
	0.000000E+0
	0.000000E+0
	0.000000E+0
	0.000000E+0
	0.000000E+0
	0.000000E+0
	0.000000E+0
	0.000000E+0
	0.000000E+0
	0.000000E+0
	0.000000E+0
	0.000000E+0
	0.000000E+0
	0.000000E+0
	0.000000E+0
	0.000000E+0
	0.000000E+0
	0.000000E+0
	0.000000E+0
	0.000000E+0
	0.000000E+0
	0.000000E+0
	0.000000E+0
	0.000000E+0
	0.000000E+0
	0.000000E+0
	0.000000E+0
	0.000000E+0
	0.000000E+0
	0.000000E+0
	0.000000E+0
	0.000000E+0
	0.000000E+0
	0.000000E+0
	0.000000E+0
	0.000000E+0
	0.000000E+0
	0.000000E+0
	0.000000E+0
	0.000000E+0
	0.000000E+0
	0.000000E+0
	0.000000E+0
	0.000000E+0
	0.000000E+0
	0.000000E+0
	0.000000E+0
	0.000000E+0
	0.000000E+0
	0.000000E+0
	0.000000E+0
	0.000000E+0
	0.000000E+0
	0.000000E+0
	0.000000E+0
	0.000000E+0
	0.000000E+0
	0.000000E+0
	0.000000E+0
	0.000000E+0
	0.000000E+0
	0.000000E+0
	0.000000E+0
	0.000000E+0
	0.000000E+0
	0.000000E+0
	0.000000E+0
	0.000000E+0
	0.000000E+0
	0.000000E+0
	0.000000E+0
	0.000000E+0
	0.000000E+0
	0.000000E+0
	0.000000E+0
	0.000000E+0
	0.000000E+0
	0.000000E+0
	0.000000E+0
	0.000000E+0
	0.000000E+0
	0.000000E+0
	0.000000E+0
	0.000000E+0
	0.000000E+0
	0.000000E+0
	0.000000E+0
	0.000000E+0
	0.000000E+0
	0.000000E+0
	0.000000E+0
	0.000000E+0
	0.000000E+0
	0.000000E+0
	0.000000E+0
	0.000000E+0
	0.000000E+0
	0.000000E+0
	0.000000E+0
	0.000000E+0
	0.000000E+0
	0.000000E+0
	0.000000E+0
	0.000000E+0
	0.000000E+0
	0.000000E+0
	0.000000E+0
	0.000000E+0
	0.000000E+0
	0.000000E+0
	0.000000E+0
	0.000000E+0
	0.000000E+0
	0.000000E+0
	0.000000E+0
	0.000000E+0
	0.000000E+0
	0.000000E+0
	0.000000E+0
	0.000000E+0
	0.000000E+0
	0.000000E+0
	0.000000E+0
	0.000000E+0
	0.000000E+0
	0.000000E+0
	0.000000E+0
	0.000000E+0
	0.000000E+0
	0.000000E+0
	0.000000E+0
	0.000000E+0
	0.000000E+0
	0.000000E+0
	0.000000E+0
	0.000000E+0
	0.000000E+0
	0.000000E+0
	0.000000E+0
	0.000000E+0
	0.000000E+0
	0.000000E+0
	0.000000E+0
	0.000000E+0
	0.000000E+0
	0.000000E+0
	0.000000E+0
	0.000000E+0
	0.000000E+0
	0.000000E+0
	0.000000E+0
	0.000000E+0
	0.000000E+0
	0.000000E+0
	0.000000E+0
	0.000000E+0
	0.000000E+0
	0.000000E+0
	0.000000E+0
	0.000000E+0
	0.000000E+0
	0.000000E+0
	0.000000E+0
	0.000000E+0
	0.000000E+0
	0.000000E+0
	0.000000E+0
	0.000000E+0
	0.000000E+0
	0.000000E+0
	0.000000E+0
	0.000000E+0
	0.000000E+0
	0.000000E+0
	0.000000E+0
	0.000000E+0
	0.000000E+0
	0.000000E+0
	0.000000E+0
	0.000000E+0
	0.000000E+0
	0.000000E+0
	0.000000E+0
	0.000000E+0
	0.000000E+0
	0.000000E+0
	0.000000E+0
	0.000000E+0
	0.000000E+0
	0.000000E+0
	0.000000E+0
	0.000000E+0
	0.000000E+0
	0.000000E+0
	0.000000E+0
	0.000000E+0
	0.000000E+0
	0.000000E+0
	0.000000E+0
	0.000000E+0

